OrderedDict([('ginlayers.0.eps', tensor([-0.345219], device='cuda:0')), ('ginlayers.0.apply_func.mlp.linear.weight', tensor([[ 0.010781,  0.056096, -0.495784,  0.219694, -0.265239,  0.070072,
          0.043307,  0.834607, -0.209203, -0.148281],
        [-0.244654,  0.178111, -0.054377,  0.020380,  0.018036,  0.073342,
          0.904810,  0.357729,  0.599200,  0.097338],
        [ 0.239303,  0.203740, -0.269584, -0.125770,  0.338055, -0.259601,
          0.096880,  0.310172, -0.699977, -0.293146],
        [-0.331411,  0.378610,  0.156948, -0.686845,  0.388356, -0.264405,
          0.136666,  0.225313, -0.024772, -0.316891],
        [-0.303166,  0.444458, -0.184135, -0.204191, -0.367305,  0.410131,
          0.086117,  0.222600,  0.023366,  0.281999],
        [ 0.366852, -0.253246,  0.061768,  0.245766,  0.174889, -0.156839,
          1.359315,  0.400046,  0.122427,  0.650887],
        [ 0.061625, -0.114505, -0.575666, -0.184605,  0.188768, -0.216985,
          0.192887,  0.454998,  0.137294, -0.924751],
        [-0.162668, -0.116951, -0.454325, -0.304850,  0.531639,  0.331000,
          0.105336, -0.372825, -0.406011, -0.126102],
        [-0.099932,  0.102013, -0.565521,  0.022090, -0.438356, -0.211778,
          0.188155,  0.225977,  0.111158,  0.201332],
        [ 0.092179,  0.108988, -0.452364, -0.196411, -0.309803, -0.051603,
         -0.094410,  0.237154,  0.618532, -0.314201]], device='cuda:0')), ('ginlayers.0.apply_func.mlp.linear.bias', tensor([-0.200260,  0.437297, -0.403429, -0.048372,  0.473846,  0.121130,
        -0.297040, -0.170018, -0.607149, -0.214352], device='cuda:0')), ('ginlayers.0.bn_node_h.weight', tensor([1.342972, 0.954857, 0.936929, 1.357113, 1.370165, 1.313085, 1.681151,
        1.228269, 1.295501, 1.079670], device='cuda:0')), ('ginlayers.0.bn_node_h.bias', tensor([ 0.491214, -1.035423,  0.155789,  0.544149, -0.329380,  0.399743,
        -0.256662, -0.566568, -0.482310,  0.695714], device='cuda:0')), ('ginlayers.0.bn_node_h.running_mean', tensor([ 2.545280,  1.197334, -0.873232, -2.710647, -0.246803,  1.864025,
         2.148500, -2.153916,  1.552995,  1.834061], device='cuda:0')), ('ginlayers.0.bn_node_h.running_var', tensor([1.873304, 1.026014, 6.236580, 7.408226, 0.779658, 2.016978, 2.577591,
        3.137540, 1.327175, 1.546092], device='cuda:0')), ('ginlayers.0.bn_node_h.num_batches_tracked', tensor(162132, device='cuda:0')), ('ginlayers.1.eps', tensor([1.545283], device='cuda:0')), ('ginlayers.1.apply_func.mlp.linear.weight', tensor([[ 0.346695, -0.302455,  0.531211,  0.010543, -0.122222,  0.366249,
          0.253811, -0.441388, -0.229672, -0.214462],
        [ 0.112898,  0.294236, -0.131615, -0.051029, -0.340899, -0.234653,
          0.264361, -0.042108,  0.499804, -0.671975],
        [-0.275048, -0.091911,  0.410292, -0.635858, -0.083906, -0.019231,
          0.114792,  0.617468,  0.321922,  0.057325],
        [ 0.246660, -0.466357, -0.299729, -0.287951,  0.590896,  0.141360,
         -0.135598,  0.051779, -0.009334,  0.077885],
        [ 0.211738,  0.129313,  0.329187, -0.110675,  0.009269, -0.325881,
         -0.439195,  0.615282, -0.021369,  0.457412],
        [ 0.413109, -0.642843, -0.307266, -0.383448,  0.246767, -0.155983,
          0.534756, -0.079973, -0.122890, -0.132807],
        [-0.394437, -0.243913,  0.258422,  0.632609, -0.276427, -0.194700,
         -0.141127, -0.123566,  0.229749,  0.084052],
        [-0.443014,  0.096205,  0.624294,  0.008510, -0.350382, -0.366360,
          0.054611,  0.161892,  0.472267, -0.300519],
        [-0.214110, -0.107705,  0.177604,  0.457252, -0.565745, -0.146320,
         -0.046697,  0.510093,  0.058558,  0.111330],
        [ 0.446993,  0.119754, -0.404618, -0.405371,  0.041372, -0.061788,
          0.242851, -0.109018,  0.236699, -0.635922]], device='cuda:0')), ('ginlayers.1.apply_func.mlp.linear.bias', tensor([-0.149785,  0.580306, -0.105041,  0.253055, -0.526222, -0.128830,
        -0.134522, -0.087247, -0.064915,  0.121982], device='cuda:0')), ('ginlayers.1.bn_node_h.weight', tensor([1.561068, 2.279769, 2.449615, 2.058772, 2.273189, 2.369627, 2.066881,
        2.193123, 2.123230, 2.151186], device='cuda:0')), ('ginlayers.1.bn_node_h.bias', tensor([-1.702040, -0.045652, -0.369890, -0.597663, -0.376800,  0.045885,
         0.911128, -1.003829,  0.254137,  0.409625], device='cuda:0')), ('ginlayers.1.bn_node_h.running_mean', tensor([ 2.754791,  0.985584, -1.743500,  0.088604, -0.073354,  2.700195,
         2.708716, -1.650502,  5.314490, -0.724490], device='cuda:0')), ('ginlayers.1.bn_node_h.running_var', tensor([7.616175, 1.610333, 0.639671, 2.592119, 3.004917, 9.189296, 3.854465,
        7.830780, 3.244928, 4.172481], device='cuda:0')), ('ginlayers.1.bn_node_h.num_batches_tracked', tensor(162132, device='cuda:0')), ('embedding_h.weight', tensor([[ 2.071321e-01, -5.269047e-01, -1.173397e+00, -7.011522e-02,
          6.484263e-01, -1.704654e+00,  1.742341e-01,  9.881725e-01,
         -7.132387e-01, -4.105968e-01],
        [-6.525193e-01, -7.454636e-01,  1.828529e-01, -6.091449e-01,
          1.342429e-01, -3.590567e-01, -6.653513e-01, -6.981645e-01,
         -7.571886e-02,  8.701373e-02],
        [ 8.291335e-02, -1.887849e+00,  2.716274e-01,  9.581184e-01,
         -1.974306e+00,  3.972199e-01,  1.241484e+00,  3.375937e-01,
          6.218411e-01,  1.512060e+00],
        [ 6.153900e-01,  3.794054e-01, -1.221012e-01, -4.389044e-01,
         -7.793244e-01,  2.029867e+00,  1.157352e+00, -2.935796e-01,
          1.300114e+00, -1.057144e-01],
        [-5.720342e-01, -1.542818e+00,  1.952226e-02,  1.595860e-01,
          3.612872e-02,  2.312688e-01, -1.621437e+00,  1.476419e+00,
         -3.488459e-01, -1.555798e+00],
        [-7.286198e-02, -6.643347e-01,  1.047091e-02, -6.222768e-01,
         -2.047701e-01, -2.916912e-01, -6.779373e-01, -8.496555e-02,
          1.308838e-01, -6.160918e-01],
        [ 9.396729e-01, -9.051405e-03,  7.010529e-01,  5.485614e-01,
          3.739637e-01,  5.960994e-01, -1.129701e+00, -6.590970e-02,
          2.066526e+00, -3.831022e-01],
        [ 8.216245e-01, -1.153883e+00,  2.585443e+00, -6.104447e-01,
          4.592045e-01, -1.303877e+00, -6.556951e-02, -9.195415e-01,
         -5.325349e-01, -6.816558e-01],
        [-3.671483e+00, -1.669050e+00, -5.307289e-01,  1.972199e+00,
         -2.310075e+00,  1.269936e+00,  2.129040e+00, -2.639773e-02,
          1.796204e-01,  3.006882e-01],
        [ 5.032482e-01, -1.169806e+00, -2.503231e-01,  1.022260e+00,
         -2.140599e+00,  4.433036e-01,  4.538475e-01,  2.077117e-01,
          7.189938e-01, -5.436178e-01],
        [-1.811028e-02,  1.878784e-01,  2.921774e-01,  1.392394e+00,
          5.510551e-01,  1.365907e+00, -3.364335e-01, -1.473069e+00,
         -1.947627e-02, -7.125860e-01],
        [-1.601903e+00, -5.037822e-01,  6.780227e-02,  1.681141e-01,
         -1.644123e+00, -1.859780e-01, -3.399852e-02,  2.922552e-01,
         -2.345567e-01,  8.719602e-01],
        [-5.594506e-01,  7.881887e-01,  1.412856e+00,  1.163356e+00,
         -1.894724e+00,  2.690518e-01,  1.976743e+00,  4.271031e-01,
          7.975298e-01,  5.740718e-01],
        [ 5.539607e-02, -1.183393e+00,  1.173456e+00,  9.463328e-01,
          5.699518e-01,  7.462066e-01, -1.414577e+00, -1.582097e-01,
          3.001368e+00,  1.124141e+00],
        [-4.119856e-01, -4.230922e-01, -4.497235e-01, -1.055223e+00,
          1.016891e-01, -2.775664e+00,  2.644557e-01,  9.937957e-02,
         -1.080492e-01,  1.880731e+00],
        [ 2.430199e-01,  2.398368e-01,  1.588987e+00,  9.428619e-01,
          5.740889e-02,  4.789262e-01, -8.323708e-01, -6.716139e-01,
          1.883002e+00,  1.848195e+00],
        [-1.204383e+00, -1.748643e+00, -1.009940e-01,  3.731156e-01,
         -5.355058e-01, -3.643248e-01, -3.570208e-01, -3.741087e-01,
          7.088244e-02, -1.107195e+00],
        [ 7.849069e-01,  2.692804e-01,  1.407709e+00,  7.580250e-02,
          1.426562e-01,  1.510265e+00,  1.699733e+00, -4.886171e-01,
          2.116725e+00,  1.215962e+00],
        [ 8.426099e-01, -9.217086e-02,  3.551140e-01, -5.860296e-01,
         -1.627139e+00, -2.206542e+00, -7.763747e-01,  1.131597e+00,
          3.495227e-01, -8.869759e-01],
        [-2.760082e-02,  1.043352e+00,  8.644226e-01,  5.590159e-01,
         -8.647393e-01,  9.142825e-01, -3.359628e-01,  7.216615e-01,
         -1.606188e+00,  3.977228e-01],
        [-2.165658e-01, -1.330335e+00,  1.019007e+00,  6.164367e-01,
         -1.433121e-01,  6.284467e-01,  6.888739e-01, -2.088207e+00,
          2.244194e+00,  2.825339e-01],
        [-4.337042e-01,  1.116707e+00,  3.088808e-01,  7.073962e-01,
         -1.475835e+00, -1.845722e+00,  8.098006e-02, -4.563300e-01,
         -1.464791e+00, -6.443577e-01],
        [-1.228916e+00,  7.203852e-01, -1.250839e+00,  2.454251e-01,
          1.808252e-01, -6.813548e-01,  6.940302e-02,  2.609186e-01,
          1.260097e+00,  9.781534e-01],
        [ 1.391533e+00, -3.235757e-01,  1.277047e+00, -4.156572e-01,
          5.213268e-01,  1.605754e+00,  1.560161e-01, -9.190629e-01,
         -9.875852e-01, -1.490341e+00],
        [-1.071350e+00, -2.652801e-01, -6.737013e-01,  5.290833e-01,
         -9.769756e-01, -4.915107e-01,  2.268049e-01,  2.176763e-01,
          1.059447e+00, -5.894505e-01],
        [-1.065628e-01,  2.427856e-01,  9.919837e-01,  1.386074e+00,
         -8.853867e-01, -7.276523e-01, -3.224849e-01, -2.619398e-02,
         -1.993692e-01,  9.918837e-01],
        [-3.136773e+00,  1.012394e+00, -1.259265e-01,  4.301880e-01,
         -1.477995e+00,  7.612972e-01,  1.231271e+00, -4.188756e-01,
          1.389682e+00,  1.019452e+00],
        [-1.922595e+00, -9.151779e-01,  5.044816e-01,  1.913296e+00,
         -3.545874e+00,  1.722312e+00,  5.741245e-01, -1.751265e+00,
          8.960997e-01,  7.162336e-01],
        [-2.503782e-01, -4.413278e-01,  2.868198e-01,  3.163623e+00,
         -2.763904e+00, -7.133960e-01,  1.364543e+00,  2.988617e-01,
          8.762957e-01,  4.368612e-01],
        [-1.836387e-01, -1.542060e+00,  5.829199e-01, -4.856024e-02,
         -7.806526e-01, -1.736058e+00,  2.608709e-01, -1.051982e+00,
          1.640840e+00,  1.661984e-01],
        [-9.493331e-01, -1.702600e+00,  4.885482e-01,  2.122526e+00,
         -7.337477e-01,  1.168213e+00,  1.255538e+00, -1.181528e-01,
         -1.298637e-01,  1.010654e-01],
        [ 2.046081e-01, -1.413152e+00,  1.097500e+00,  4.648390e-01,
          3.562953e-01,  7.105370e-01, -3.986237e-01, -8.811377e-01,
          2.116167e-01, -1.564803e+00],
        [ 1.442569e+00,  3.805921e+00,  6.290258e-02,  1.204403e+00,
          2.951540e-01, -8.189109e-01,  6.891816e-01, -1.358713e+00,
         -1.038244e+00, -1.098600e-01],
        [-1.534564e+00,  9.241332e-01,  3.970606e-01,  2.619756e+00,
         -1.025792e+00,  6.448906e-01, -9.111159e-02, -2.094386e-01,
          3.200654e+00,  9.575657e-01],
        [-3.430125e+00,  1.327825e+00, -9.728408e-01,  3.904553e-01,
         -1.763270e+00,  1.228044e+00, -2.286641e-01,  1.113546e+00,
          2.093367e+00,  2.062592e-01],
        [-2.685568e-01,  5.062149e-01, -8.028413e-01,  1.096512e+00,
         -7.896620e-01,  4.157904e-01,  9.901330e-01, -1.159425e+00,
          2.027517e+00,  1.277846e+00],
        [-8.297790e-01, -8.173889e-01,  5.701049e-02, -1.225960e-01,
         -2.152681e-02,  1.431635e-01,  8.849983e-01, -1.213878e+00,
          1.994047e+00,  2.109001e+00],
        [-7.952719e-01, -1.901189e+00,  7.600683e-01,  1.907882e+00,
         -5.703518e-01,  9.914976e-01,  8.879107e-01, -3.711277e-01,
          1.213014e+00,  2.451258e-01],
        [-1.437724e+00,  4.478187e-01,  3.706793e-01,  2.810441e+00,
         -5.087826e-01,  1.161156e+00,  1.876801e+00, -1.031005e+00,
          3.516066e+00,  1.882701e+00],
        [ 1.666401e+00,  7.795410e-01, -2.111291e-01, -5.750560e-01,
          1.784011e+00,  3.719463e-01, -3.505918e-01, -5.825707e-01,
         -5.271447e-02, -5.232213e-01],
        [-4.309868e-01, -5.569398e-01,  1.604734e-01,  4.444605e-01,
          1.131619e+00, -7.834747e-01,  1.236506e+00, -2.016095e+00,
          7.069468e-01, -2.233105e+00],
        [ 7.940735e-01,  7.072241e-01, -3.994589e-01, -6.592527e-01,
         -9.549861e-02, -2.147067e+00,  6.750216e-01, -7.674860e-01,
         -1.801538e-01,  3.033834e-01],
        [ 2.347194e-01, -4.071849e-01,  2.731500e-01,  2.186192e-03,
          5.234973e-01, -5.442645e-01, -5.683991e-01,  1.252789e-01,
         -2.541935e+00, -6.798684e-02],
        [-6.321207e-01, -1.110670e+00,  7.397428e-01,  2.978597e+00,
         -2.819614e+00,  2.454299e-01,  5.087744e-01, -6.876738e-01,
          1.060656e+00,  6.028585e-01],
        [-2.020078e-01, -3.482355e-01,  1.027644e+00,  9.719665e-01,
          7.201448e-01,  2.448827e-01,  4.314063e-01, -1.553715e+00,
          6.054490e-01,  7.055997e-01],
        [-1.161881e+00,  6.466789e-01,  3.077456e-01, -2.862943e-01,
         -5.461674e-02, -3.129556e-01,  1.987793e-01, -2.048601e-01,
         -1.186098e-01,  1.191637e+00],
        [ 1.204260e+00,  5.628654e-01, -3.681033e-01,  7.830122e-02,
         -6.268737e-02, -5.334572e-01,  1.779159e-01, -1.956647e-01,
          4.029510e+00,  1.005618e+00],
        [-5.191880e-01,  1.214487e+00, -4.449725e-01,  1.738082e+00,
          1.420621e+00, -1.184046e+00,  3.069654e+00, -1.268851e+00,
         -3.195456e-01,  2.716066e-01],
        [ 2.113575e+00, -5.890837e-01,  5.487278e-01,  9.093273e-01,
          4.918976e-01,  2.206741e-01,  2.595014e+00,  6.162374e-01,
         -3.174689e-01,  2.368349e+00],
        [-1.482573e+00, -1.174515e+00, -2.873486e-01, -7.313993e-01,
         -2.673881e+00,  1.216609e-01, -1.449086e+00, -4.881428e-01,
          2.348443e-01, -4.540769e-01],
        [-1.135684e+00,  7.584847e-01,  4.689827e-01, -1.705968e-01,
          4.623790e-01, -2.870870e-01,  1.389268e+00, -1.100759e+00,
         -1.044064e+00, -2.989239e-01],
        [-1.198376e+00, -1.035068e+00, -7.810256e-01, -1.197135e+00,
         -2.314996e+00, -1.173368e+00,  1.152691e+00, -2.896376e-01,
          9.425138e-01, -8.060950e-01],
        [ 4.900161e-01, -1.206881e+00,  6.166807e-02, -1.109031e-01,
         -7.133523e-01,  4.184920e-01,  7.576815e-01,  9.828517e-01,
          4.055579e-02,  2.062399e-02],
        [-1.750733e+00,  1.639075e+00, -9.085592e-01,  6.474040e-01,
         -8.688634e-01, -5.753795e-01, -5.193880e-01, -8.122304e-01,
          3.416226e-01,  1.137833e+00],
        [-8.167875e-01,  6.604790e-01,  1.308307e-01,  4.233889e-02,
          6.663861e-01, -5.947428e-01,  5.167073e-02, -6.456681e-01,
          3.620659e-01, -7.674001e-01],
        [ 4.496708e-01,  2.609252e-01, -1.093343e+00, -4.857971e-01,
          6.680996e-02,  5.290470e-01,  1.329195e+00, -2.155660e+00,
         -1.499927e+00, -6.418479e-01],
        [-3.936372e-01,  5.790381e-01, -1.658116e+00, -1.417092e+00,
         -1.062408e-01,  3.074483e-01,  7.913120e-01, -6.195977e-01,
         -1.911124e-02,  1.816827e+00],
        [ 4.524192e-01, -5.735843e-01, -9.996191e-02,  9.393979e-01,
         -3.338787e-01, -5.954215e-01,  8.966038e-02,  1.135110e+00,
         -2.073884e+00,  1.208109e-01],
        [-9.347416e-01,  2.438034e+00, -3.372766e-01,  1.224988e+00,
          6.783906e-02,  9.135615e-01, -1.637006e+00, -1.852160e-01,
         -1.611032e+00,  5.433609e-01],
        [-1.669998e-01,  6.079955e-01, -7.807149e-01,  3.334394e-01,
         -9.743713e-01, -1.120496e+00, -6.580170e-01,  8.732539e-01,
          1.062401e+00,  4.229024e-01],
        [-8.545078e-02,  1.205533e+00,  1.169277e-01,  4.262819e-02,
         -2.553528e+00, -7.765460e-01,  2.791294e-01,  1.977395e-01,
          7.951570e-01,  3.629932e-01],
        [ 1.840700e-01,  7.115991e-02, -1.046464e-02, -7.643085e-02,
          7.767199e-01, -5.628556e-01,  5.659608e-01,  4.820023e-01,
         -1.514829e+00,  1.094193e-01],
        [-2.374579e+00, -1.288756e+00,  3.081957e-01, -8.372491e-01,
         -7.694903e-02,  1.831890e+00,  1.635642e+00, -1.966461e-01,
          4.139776e-01,  3.257919e-01],
        [-1.004194e+00, -5.638545e-02, -7.855174e-01,  1.189367e+00,
          3.563761e+00, -8.563545e-01,  1.208871e+00, -4.447188e-01,
         -2.212281e-01, -1.049850e+00],
        [ 7.077007e-02, -2.053102e+00,  4.053443e-01, -1.034046e+00,
         -6.657976e-02,  1.183896e+00, -1.625085e+00,  8.633682e-01,
          1.727220e-01, -9.810566e-01],
        [ 7.860638e-01,  2.373483e-01,  6.123321e-01, -9.764411e-01,
          6.914009e-01,  1.338272e+00, -5.999358e-01,  1.026737e+00,
         -6.350684e-01,  9.333608e-01],
        [ 1.872496e-01, -1.111364e+00,  9.259099e-01,  1.521444e+00,
          1.027670e+00, -5.538277e-01, -4.528056e-01,  6.262088e-01,
          9.120812e-01,  3.868628e-02],
        [-6.509944e-01, -7.860784e-01, -1.204364e-02, -1.389705e+00,
         -8.157315e-01, -6.557372e-01,  6.904553e-01,  1.065008e+00,
          1.597264e+00,  1.473140e+00],
        [-1.819015e+00, -1.055933e+00,  5.585827e-01,  9.618661e-01,
          1.329156e+00,  2.223039e+00, -1.020163e+00, -1.083842e+00,
          6.737548e-01, -1.021375e+00],
        [ 2.660964e-01, -4.527629e-01, -8.946960e-01, -6.110360e-01,
          8.184035e-01, -7.140943e-01,  4.186085e-01,  8.956445e-01,
         -1.007406e+00, -8.061100e-01],
        [-7.910321e-01,  1.004414e-01, -6.706945e-01, -1.277013e+00,
         -9.282361e-01, -5.786215e-01, -8.375118e-01, -2.822604e-01,
          4.472347e-01, -1.769959e+00],
        [ 2.234591e+00, -6.279222e-01,  4.794376e-01, -5.661187e-01,
          6.555462e-01, -3.491474e-01,  7.294403e-02, -1.958362e+00,
         -3.262433e-01, -3.128014e-01],
        [ 2.049940e+00, -7.609694e-01,  5.875638e-02, -1.427221e+00,
         -7.431595e-01,  2.902412e+00,  2.354401e+00,  5.839894e-01,
          1.134082e-01,  1.012548e+00],
        [-3.337200e-01, -5.182264e-01, -7.113850e-01, -1.573498e-01,
          1.744712e+00,  8.341892e-01, -1.106968e+00, -4.014929e-01,
          3.356473e-01, -2.885894e-01],
        [-1.019716e-01, -4.074695e-01,  2.863754e-01,  1.962923e-01,
          3.980460e-01,  1.631985e+00, -9.541069e-02, -7.745100e-01,
         -2.103778e-01, -2.858263e-01],
        [ 1.320698e+00, -3.413487e-01,  2.084334e+00,  1.329237e+00,
          3.112392e-01,  1.964552e+00, -1.049116e+00,  1.306242e+00,
          1.417129e+00, -5.094157e-01],
        [ 6.563231e-01,  4.716091e-01, -1.829759e-01, -4.898941e-01,
         -5.084489e-01, -9.086665e-01, -1.185151e+00,  4.856588e-01,
         -2.936524e-01,  7.757603e-01],
        [-1.178114e+00,  1.442006e+00,  1.063210e+00, -4.456020e-01,
          1.465710e+00, -3.098095e+00,  1.053955e+00, -6.476323e-01,
         -2.867187e+00, -1.076692e+00],
        [ 7.001324e-01, -8.354423e-01, -1.824586e-03, -1.117679e+00,
          1.191542e+00, -1.663736e+00,  1.483287e+00,  5.867218e-01,
         -5.423206e-01,  4.226815e-02],
        [-2.262431e+00,  9.672723e-01, -1.412232e+00, -4.273730e-01,
          5.719073e-01, -1.003565e-01, -7.628481e-01,  1.606869e+00,
         -1.213071e+00, -1.323327e-01],
        [-1.432285e+00,  2.248519e-01,  3.137775e-01, -1.394485e+00,
         -1.803055e+00,  7.250924e-01,  6.025642e-01,  2.652072e-01,
          3.538427e-01,  9.953687e-01],
        [ 9.288126e-01,  1.856907e+00,  1.208869e+00,  7.310364e-02,
          4.226788e-01,  1.917494e+00, -4.909564e-01,  5.636466e-01,
         -8.337569e-01,  4.098799e-01],
        [ 8.906345e-01, -2.528394e-01,  9.919568e-01,  1.070891e+00,
          8.324752e-02,  1.388862e+00, -6.956249e-01,  8.461509e-01,
          2.317973e-01,  5.978295e-01],
        [-1.666307e+00, -6.497736e-01, -1.323408e+00,  1.540440e+00,
          5.126455e-01, -2.113101e-01, -8.798086e-01, -1.195747e+00,
         -3.747997e-02, -4.311070e-01],
        [ 5.207818e-01,  2.902106e-01,  1.254400e+00, -9.782897e-01,
          8.225429e-01, -4.477242e-01, -2.288241e+00,  1.635231e+00,
          2.995824e-01,  1.574605e+00],
        [-1.224751e+00, -9.632043e-01, -4.683703e-01,  8.577906e-01,
         -1.627412e-02, -3.377086e-01,  8.602045e-01,  9.902233e-01,
         -9.197798e-01,  4.519533e-01],
        [ 1.245137e+00,  4.987886e-01,  7.545791e-01,  1.948171e+00,
          2.527622e-01,  1.597118e+00, -3.964930e-01,  1.876325e+00,
          7.462996e-01,  2.590782e+00],
        [ 2.171884e-01,  6.852911e-01, -1.223812e+00, -2.351603e-01,
         -2.447884e-02, -4.186031e-01,  2.914631e-01,  2.071013e-01,
         -2.710473e-01,  2.313379e+00],
        [-3.960536e-01,  1.064685e-01, -4.359960e-01, -6.680021e-01,
         -9.779028e-01, -1.960088e+00,  1.048183e+00, -8.385205e-01,
          8.714831e-01,  8.588637e-01],
        [-1.681584e+00, -7.057462e-01, -8.717630e-02, -1.386544e+00,
          7.931100e-01,  7.893572e-02,  1.748650e+00, -1.763502e+00,
         -1.659386e-01, -8.204883e-01],
        [-9.235818e-01, -2.752442e-01, -1.397226e+00,  1.514286e+00,
          6.894323e-01,  1.172823e+00,  1.045959e+00, -9.668089e-01,
          1.539479e+00,  4.206058e-01],
        [-2.802046e+00, -5.405937e-01,  7.124843e-01, -1.399762e+00,
          1.693246e+00, -1.634361e+00, -1.421376e+00, -1.133986e+00,
          4.533474e-01, -7.153032e-01],
        [ 1.849005e-01,  4.113963e-01,  8.468050e-01,  5.549420e-01,
          1.002524e+00, -1.403505e+00, -1.012827e+00,  1.704238e+00,
          4.672305e-02,  5.925613e-02],
        [ 1.479010e+00, -5.816568e-01,  2.475722e-01,  9.569854e-01,
          8.001437e-01,  4.561547e-01,  1.809698e-01,  9.932567e-01,
          1.106796e-01, -5.651152e-02],
        [-3.298209e-01, -6.205481e-01, -9.273910e-01,  1.162514e+00,
          1.484134e-01, -3.892317e-01,  1.057579e+00,  8.955940e-02,
         -9.275162e-01,  2.773846e-01],
        [-1.806086e-01,  3.169359e-02, -4.000529e-01,  3.118529e+00,
         -8.278717e-01,  4.876120e-01, -1.136596e+00, -2.027813e+00,
          6.236186e-01, -1.147320e+00],
        [-2.519308e+00, -2.255462e-01,  8.027772e-01, -9.126084e-01,
          2.048893e+00, -9.103226e-01,  2.361082e+00,  1.107044e+00,
         -1.362308e+00,  7.763140e-01],
        [-1.487002e+00, -1.616165e+00,  2.325699e-01, -1.841453e-01,
         -7.651011e-01, -1.030701e-01,  4.954244e-01, -5.896615e-01,
         -1.022622e+00,  1.699184e+00],
        [-7.256460e-01, -6.305570e-01, -3.194676e+00,  3.046879e-01,
         -1.862653e+00,  3.926207e-01,  3.360613e-02,  8.301958e-01,
         -1.071760e-01,  1.836392e-01],
        [-1.879485e-01,  5.804467e-01,  4.156540e-02,  8.345680e-01,
         -5.225780e-02,  1.099849e+00,  3.665144e-01,  2.620926e-01,
         -1.211406e+00, -1.198193e+00],
        [-6.358064e-01, -9.038689e-01,  2.071749e+00, -1.140401e+00,
         -3.134390e-01,  1.350505e+00, -2.100154e-01, -4.738843e-01,
          3.883649e-01,  1.409016e+00],
        [ 1.217160e+00, -1.111604e-01,  4.510404e-01, -3.407259e-01,
          2.218043e+00, -1.695091e+00, -1.595150e+00, -5.342846e-01,
         -7.387996e-01,  7.790688e-01],
        [ 1.225522e+00, -1.465030e+00,  8.946083e-01,  2.591154e-01,
          3.965528e-02,  1.449617e-02, -3.059989e-02,  8.008810e-01,
         -1.560265e+00, -1.815749e-02],
        [ 2.120586e-01, -4.825400e-01, -1.013556e+00, -2.071050e-02,
         -6.692281e-02, -5.741147e-01, -1.590124e-01,  8.010060e-01,
         -8.479208e-01,  1.737431e+00],
        [-1.131023e+00, -7.536204e-02, -5.193720e-01,  1.600827e+00,
          3.619202e-01, -3.067862e-01,  1.150899e+00,  9.999087e-02,
         -9.377542e-01, -8.179957e-01],
        [-1.506608e+00,  3.600270e-01,  9.985798e-01, -1.727375e+00,
         -5.165347e-01,  5.412632e-01, -8.016117e-01, -1.381076e-01,
         -9.031017e-01,  5.192214e-01],
        [ 1.325770e-02, -1.421332e+00,  4.890683e-01, -8.346902e-01,
         -2.523805e+00,  3.073753e-01,  1.956055e+00, -1.282314e+00,
         -1.514636e+00,  6.843164e-01],
        [ 1.519792e+00,  1.230580e+00,  5.690592e-01, -6.048902e-01,
         -1.108161e-01,  1.238215e+00, -3.835351e-01, -1.057009e-01,
          8.729330e-01, -6.395252e-01],
        [-4.447375e-01, -1.015217e+00, -2.001909e+00,  4.533587e-01,
          1.325920e+00, -3.061793e-01,  2.394943e+00, -7.848179e-01,
          2.281999e+00, -1.040815e+00]], device='cuda:0')), ('linears_prediction_reg.0.weight', tensor([[-4.885019e-01, -1.205551e+00, -8.685253e-01,  9.396738e-01,
         -1.143560e+00,  1.059556e+00,  9.182335e-01,  3.836257e-04,
          1.069830e+00,  6.415489e-01]], device='cuda:0')), ('linears_prediction_reg.0.bias', tensor([-2.862695], device='cuda:0')), ('linears_prediction_class.0.weight', tensor([[ 0.115627,  0.209891, -0.186173,  0.020520, -0.166910, -0.103469,
          0.053796,  0.108629, -0.100753, -0.273994],
        [-0.095057,  0.228357, -0.226495,  0.064447, -0.215778,  0.009601,
          0.249202, -0.048249, -0.066609, -0.354089]], device='cuda:0')), ('linears_prediction_class.0.bias', tensor([-0.238312,  0.479494], device='cuda:0'))])