OrderedDict([('ginlayers.0.eps', tensor([-0.311054], device='cuda:0')), ('ginlayers.0.apply_func.mlp.linear.weight', tensor([[-0.097944,  0.141663, -0.476523, -0.550139,  0.433833, -0.635297,
          0.015996,  0.281424,  0.110160, -0.382726],
        [ 0.505870, -0.055797,  0.880641,  0.585192, -0.209574, -0.028243,
          0.290194,  0.366616,  0.271389, -0.032794],
        [ 0.051791, -0.657205,  0.098564,  0.135903, -0.168234, -0.265117,
          0.307472, -0.084167,  0.015720,  0.330297],
        [-0.193372,  0.381267, -0.234389, -0.679984,  0.594939, -0.371244,
         -0.031945,  0.157072, -0.121962, -0.155791],
        [-0.332060,  0.364912, -0.516552, -0.563087,  0.654487, -0.017943,
         -0.011122,  0.079623, -0.172704, -0.093358],
        [ 0.139951, -0.492144, -0.124251,  0.179662,  0.147115, -0.221270,
          0.330128,  0.349055,  0.337186,  0.424610],
        [-0.057831, -0.763149, -0.233603, -0.001014, -0.132114, -0.027378,
          0.264042,  0.183727,  0.081038,  0.395020],
        [-0.328660, -0.293347, -0.182262, -0.126547,  0.056424,  0.384168,
          0.073980, -0.736958, -0.029199, -0.239814],
        [ 0.485662,  0.509175,  0.096534,  0.037133, -0.353181,  0.110036,
          0.169868,  0.163145, -0.214039, -0.056315],
        [-0.333545, -0.601460, -0.469176, -0.183420, -0.195362,  0.147224,
         -0.216598, -0.059965,  0.378526, -0.095910]], device='cuda:0')), ('ginlayers.0.apply_func.mlp.linear.bias', tensor([-0.184857,  0.020307, -0.021302, -0.076400, -0.486764,  0.010216,
        -0.309618,  0.431405, -0.336372, -0.070833], device='cuda:0')), ('ginlayers.0.bn_node_h.weight', tensor([1.096333, 0.402974, 1.345457, 1.303536, 1.035773, 1.008510, 1.075733,
        0.938329, 0.682638, 0.898180], device='cuda:0')), ('ginlayers.0.bn_node_h.bias', tensor([-0.185884, -0.522284, -1.167229,  0.504741, -0.087165,  0.818317,
        -0.002555,  0.314175, -0.211006,  0.346473], device='cuda:0')), ('ginlayers.0.bn_node_h.running_mean', tensor([ 0.809072, -3.085520,  1.954338, -0.094924,  0.121395,  1.352937,
         2.422098,  2.867374, -3.322786,  3.397222], device='cuda:0')), ('ginlayers.0.bn_node_h.running_var', tensor([4.207026, 3.503328, 1.551762, 4.093653, 4.098721, 1.424245, 2.009388,
        1.741139, 1.435230, 1.824514], device='cuda:0')), ('ginlayers.0.bn_node_h.num_batches_tracked', tensor(97440, device='cuda:0')), ('ginlayers.1.eps', tensor([0.872702], device='cuda:0')), ('ginlayers.1.apply_func.mlp.linear.weight', tensor([[ 0.248530, -0.714867, -0.036973, -0.219291,  0.137415, -0.108525,
          0.079398, -0.393582,  0.477657, -0.251212],
        [ 0.020010, -0.128263, -0.271941,  0.455359, -0.397066, -0.409886,
          0.180866, -0.255000,  0.028735,  0.067059],
        [-0.311068, -0.363232,  0.001275, -0.403829,  0.236264, -0.139372,
         -0.114086, -0.707079, -0.471002,  0.085611],
        [-0.366930, -0.512171, -0.083031,  0.031294,  0.282889, -0.087880,
         -0.256989, -0.547777, -0.166632,  0.244223],
        [-0.754401,  0.135972,  0.418661, -0.015239, -0.061726, -0.673771,
          0.132033, -0.049633, -0.017853,  0.049470],
        [-0.642259, -0.247525,  0.057254,  0.192677,  0.256180,  0.086514,
          0.040780, -0.604489, -0.220038, -0.020625],
        [ 0.015417, -0.107578,  0.160060, -0.218289,  0.275425, -0.207505,
         -0.018649, -0.597626, -0.108378,  0.423142],
        [-0.258705,  0.232387, -0.364139,  0.609975, -0.410408,  0.025768,
          0.060043,  0.161771,  0.194984, -0.095614],
        [-0.079891,  0.525097, -0.019798,  0.509593, -0.333001, -0.223028,
          0.296268, -0.109723, -0.362353,  0.108272],
        [ 0.772328, -0.339809, -0.175960, -0.366419, -0.031621,  0.131601,
         -0.537579,  0.012217,  0.236913,  0.161380]], device='cuda:0')), ('ginlayers.1.apply_func.mlp.linear.bias', tensor([-0.110501, -0.071415, -0.736903,  0.029674, -0.117547, -0.106356,
        -0.129079,  0.077971, -0.026647,  0.404066], device='cuda:0')), ('ginlayers.1.bn_node_h.weight', tensor([1.801034, 2.038012, 1.579539, 2.152199, 1.982296, 1.875179, 2.174293,
        2.639525, 1.937967, 2.610062], device='cuda:0')), ('ginlayers.1.bn_node_h.bias', tensor([-1.018099, -0.469239,  0.283523, -0.006345,  0.242760,  0.348965,
         0.116578,  0.206342,  0.385674, -0.565243], device='cuda:0')), ('ginlayers.1.bn_node_h.running_mean', tensor([ 1.891380,  0.636644, -0.884316,  2.758149, -2.935968,  1.888717,
         0.115083,  0.960234, -1.752339,  0.953287], device='cuda:0')), ('ginlayers.1.bn_node_h.running_var', tensor([0.881920, 0.591490, 1.804830, 1.560591, 5.899901, 1.033159, 0.300017,
        0.264917, 0.354320, 0.735083], device='cuda:0')), ('ginlayers.1.bn_node_h.num_batches_tracked', tensor(97440, device='cuda:0')), ('embedding_h.weight', tensor([[-1.110186e-01, -1.010774e+00, -1.585577e+00, -3.366312e-01,
          1.148160e+00, -9.151549e-01,  6.893663e-01,  9.938695e-01,
         -7.406008e-01,  3.502233e-01],
        [-1.069825e+00, -9.405596e-01, -6.522936e-01, -3.635555e-01,
          1.282118e-01, -2.289737e-01, -7.420217e-01, -1.189560e+00,
          4.220268e-01, -3.561935e-01],
        [ 3.843001e-01, -1.963159e+00,  2.414088e-01,  6.207057e-01,
         -1.807127e+00,  6.222640e-01,  7.259942e-01, -5.936061e-01,
          5.212319e-01,  1.191262e+00],
        [-2.043756e-01,  1.078296e+00, -3.438316e-01, -1.208674e+00,
         -4.363109e-01,  2.682024e+00,  1.429401e+00, -1.393327e+00,
          5.166134e-01,  9.100792e-01],
        [ 1.335872e-01, -8.296688e-01,  8.421829e-01,  6.110982e-01,
          5.837073e-01,  1.102335e+00, -7.339348e-01,  2.346481e-03,
         -6.922536e-01, -1.923607e+00],
        [-5.627614e-01, -8.531851e-01,  1.143882e-01, -5.222213e-01,
         -2.835101e-01,  3.490398e-01, -9.232364e-01, -1.353349e+00,
         -8.278248e-01, -4.356988e-01],
        [ 4.961976e-01, -2.095530e-01,  8.071374e-01,  3.628534e-01,
          1.256435e+00,  6.293134e-01, -5.388820e-01, -1.073505e-01,
          1.131406e+00, -5.618072e-01],
        [ 4.228807e-01, -1.021208e+00,  1.580449e-01,  1.195095e+00,
          9.244997e-01,  3.194247e-01, -9.395280e-01, -4.264220e-01,
         -1.268551e+00, -8.840839e-01],
        [-6.963394e-01, -1.624676e+00, -1.383654e-01,  6.160473e-01,
         -5.298550e-01,  1.460024e+00,  9.134081e-01, -1.399799e+00,
         -1.989875e+00, -4.258237e-01],
        [ 1.191364e+00, -1.101931e+00, -2.384112e-01,  5.583080e-01,
         -1.981693e+00,  8.497730e-01,  1.661765e-01,  3.015998e-01,
          1.254339e+00, -2.776217e-01],
        [-6.044153e-01, -2.249309e+00,  3.110996e-01,  2.052934e+00,
          1.250747e+00,  6.713434e-02,  9.076713e-01,  5.145730e-01,
          8.978552e-01,  4.869402e-01],
        [-1.355171e+00, -8.722677e-01,  1.225060e-01, -8.854793e-02,
         -1.303915e+00, -8.652184e-01, -1.348462e-01,  1.196450e-01,
         -8.975109e-01,  2.366108e-01],
        [-6.380161e-02,  6.807570e-01,  1.900940e+00, -5.738220e-01,
         -9.333654e-01, -5.023436e-02,  5.273318e-01,  2.419587e-01,
         -8.867092e-01, -9.537377e-01],
        [-3.145764e-01, -5.081171e-01,  4.757622e-01,  1.030850e+00,
          7.816933e-01,  5.870746e-01, -2.176703e+00, -3.035547e-01,
          1.482016e+00,  3.750673e-02],
        [-4.119856e-01, -4.230922e-01, -4.497235e-01, -1.055223e+00,
          1.016891e-01, -2.775664e+00,  2.644557e-01,  9.937957e-02,
         -1.080492e-01,  1.880731e+00],
        [-2.775569e-02,  8.688764e-01,  1.723007e+00,  1.777454e+00,
         -4.389683e-02,  3.433405e-01, -1.786902e+00, -2.086193e+00,
         -5.618788e-01,  1.347373e+00],
        [-8.429113e-01,  3.132295e-01,  3.715921e-01, -3.898747e-01,
         -1.309945e+00, -4.324659e-01, -6.222630e-01,  1.487667e+00,
          1.187115e+00, -3.474637e-02],
        [ 6.454587e-01,  5.642182e-01,  1.396993e+00, -1.316701e+00,
          2.753091e+00,  1.121267e+00,  7.981602e-01,  1.221121e-01,
          1.629618e+00,  1.327105e+00],
        [ 8.426099e-01, -9.217086e-02,  3.551140e-01, -5.860296e-01,
         -1.627139e+00, -2.206542e+00, -7.763747e-01,  1.131597e+00,
          3.495227e-01, -8.869759e-01],
        [-2.760082e-02,  1.043352e+00,  8.644226e-01,  5.590159e-01,
         -8.647393e-01,  9.142825e-01, -3.359628e-01,  7.216615e-01,
         -1.606188e+00,  3.977228e-01],
        [ 1.018896e+00,  1.323303e+00,  1.454733e+00, -9.340193e-01,
         -1.845620e-01, -7.356511e-01, -5.127204e-01, -1.066025e+00,
          1.138578e+00, -1.920847e+00],
        [ 1.087330e+00,  3.352587e-01, -4.042227e-01,  3.805572e-01,
         -2.201609e-02, -8.170208e-01,  5.399776e-01, -6.581450e-02,
         -2.053270e+00,  2.416558e-01],
        [-3.447475e-01,  7.802756e-01, -1.154889e+00,  4.034207e-01,
          1.513248e+00, -1.632545e+00, -1.812835e-01, -1.570524e+00,
          2.942760e-01, -5.994211e-01],
        [ 1.391533e+00, -3.235757e-01,  1.277047e+00, -4.156572e-01,
          5.213268e-01,  1.605754e+00,  1.560161e-01, -9.190629e-01,
         -9.875852e-01, -1.490341e+00],
        [-1.071350e+00, -2.652801e-01, -6.737013e-01,  5.290833e-01,
         -9.769756e-01, -4.915107e-01,  2.268049e-01,  2.176763e-01,
          1.059447e+00, -5.894505e-01],
        [-1.034890e-01,  1.147567e+00,  1.138794e+00,  4.257394e-01,
          7.806621e-02, -1.113875e+00, -5.184668e-01,  1.636995e-01,
         -9.711954e-01,  6.583293e-02],
        [-7.056049e-01,  5.310557e-01,  4.327001e-02, -1.098438e-01,
         -1.959695e+00,  4.338933e-01,  1.327173e+00, -7.022935e-01,
          1.058996e+00, -1.705713e-01],
        [-6.248648e-01, -4.189501e-01,  1.432488e-01, -3.522980e-01,
          1.009807e+00,  1.328520e+00,  1.358735e-01, -5.072805e-01,
         -6.090782e-01, -7.561595e-01],
        [ 1.628595e+00,  7.583855e-01, -1.039356e-01, -2.688680e-01,
          7.164812e-01, -2.052447e+00, -1.397697e-01,  8.008449e-01,
         -7.714953e-01,  1.202340e-01],
        [-1.836387e-01, -1.542060e+00,  5.829199e-01, -4.856024e-02,
         -7.806526e-01, -1.736058e+00,  2.608709e-01, -1.051982e+00,
          1.640840e+00,  1.661984e-01],
        [-1.053875e+00,  4.879291e-01,  1.114757e+00,  4.899035e-01,
         -1.247592e-01,  1.121230e+00,  5.015824e-01,  5.711265e-01,
          5.471207e-03, -7.392161e-01],
        [ 5.731432e-01, -2.441233e+00, -4.202430e-02,  1.154452e+00,
         -1.143208e-01,  1.102326e+00,  5.032036e-01, -2.916500e-01,
          1.359670e-01, -1.347159e+00],
        [ 1.442569e+00,  3.805921e+00,  6.290258e-02,  1.204403e+00,
          2.951540e-01, -8.189109e-01,  6.891816e-01, -1.358713e+00,
         -1.038244e+00, -1.098600e-01],
        [ 5.784693e-01,  1.860148e+00, -4.084269e-01, -1.000135e+00,
          1.760805e+00,  2.209558e-01, -1.204909e+00, -1.650115e+00,
          1.045692e+00, -8.164357e-01],
        [-9.902298e-01,  1.910240e-01,  8.987184e-01,  3.622094e-02,
         -4.161246e-01, -3.017330e-01, -4.354696e-01,  6.253673e-01,
          6.465882e-01,  4.752694e-01],
        [ 2.771676e-02,  6.680433e-03, -7.121907e-01,  1.643784e+00,
         -6.788615e-01, -5.062667e-01,  8.100609e-03, -6.900263e-01,
          1.694671e+00,  4.426816e-01],
        [-9.745206e-01, -1.928863e-01, -6.442084e-01, -1.774059e+00,
          1.315200e+00,  3.068653e-01,  8.014017e-01, -3.623324e-01,
          1.401981e+00,  9.461451e-01],
        [-4.195370e-01, -6.321334e-01,  1.113846e+00,  6.618471e-01,
          9.843305e-01,  2.611437e-01,  2.469035e-01, -1.342324e-01,
         -2.863404e-02, -7.180651e-01],
        [ 1.235913e+00,  1.852161e+00,  4.121960e-01, -4.761031e-01,
         -1.906191e-01, -3.194219e-01, -3.965290e-01, -8.705665e-02,
          2.018935e+00,  1.550622e-01],
        [ 1.666401e+00,  7.795410e-01, -2.111291e-01, -5.750560e-01,
          1.784011e+00,  3.719463e-01, -3.505918e-01, -5.825707e-01,
         -5.271447e-02, -5.232213e-01],
        [-4.309868e-01, -5.569398e-01,  1.604734e-01,  4.444605e-01,
          1.131619e+00, -7.834747e-01,  1.236506e+00, -2.016095e+00,
          7.069468e-01, -2.233105e+00],
        [ 7.940735e-01,  7.072241e-01, -3.994589e-01, -6.592527e-01,
         -9.549861e-02, -2.147067e+00,  6.750216e-01, -7.674860e-01,
         -1.801538e-01,  3.033834e-01],
        [ 2.347194e-01, -4.071849e-01,  2.731500e-01,  2.186192e-03,
          5.234973e-01, -5.442645e-01, -5.683991e-01,  1.252789e-01,
         -2.541935e+00, -6.798684e-02],
        [ 5.394957e-01, -6.022252e-01,  8.016201e-01,  3.139136e-01,
         -8.957995e-02, -7.830977e-01, -4.249750e-01, -8.876700e-01,
          4.968737e-02,  2.017979e-01],
        [-1.447886e-02,  1.469939e-01,  9.274634e-01,  7.910622e-01,
          1.392543e+00,  7.474293e-01,  7.727448e-01, -1.518595e+00,
         -1.172880e-01,  1.581662e+00],
        [-1.161881e+00,  6.466789e-01,  3.077456e-01, -2.862943e-01,
         -5.461674e-02, -3.129556e-01,  1.987793e-01, -2.048601e-01,
         -1.186098e-01,  1.191637e+00],
        [ 1.152004e+00, -1.132442e+00, -3.003775e-01, -9.388548e-01,
         -5.124266e-01, -1.060533e+00, -3.984271e-01,  2.779467e-01,
          2.238765e+00, -3.854749e-02],
        [-1.100409e+00,  2.508286e+00, -6.520255e-01, -9.797765e-01,
          1.828152e+00, -6.306680e-01,  2.450930e+00, -2.084396e+00,
         -5.999300e-01, -2.930273e-01],
        [ 2.113575e+00, -5.890837e-01,  5.487278e-01,  9.093273e-01,
          4.918976e-01,  2.206741e-01,  2.595014e+00,  6.162374e-01,
         -3.174689e-01,  2.368349e+00],
        [-1.600664e+00,  1.094090e-01,  9.240147e-01, -1.897337e+00,
         -3.549564e-01, -1.436810e+00, -1.043341e+00, -4.027829e-01,
          2.740779e-01, -1.559359e+00],
        [-2.130437e-01,  1.139839e-01,  2.060638e-01, -1.007143e+00,
          1.785571e+00, -3.560055e-01,  1.756175e-02,  5.613557e-01,
         -6.012880e-01,  1.982886e-01],
        [-1.198376e+00, -1.035068e+00, -7.810256e-01, -1.197135e+00,
         -2.314996e+00, -1.173368e+00,  1.152691e+00, -2.896376e-01,
          9.425138e-01, -8.060950e-01],
        [ 4.900161e-01, -1.206881e+00,  6.166807e-02, -1.109031e-01,
         -7.133523e-01,  4.184920e-01,  7.576815e-01,  9.828517e-01,
          4.055579e-02,  2.062399e-02],
        [-1.750733e+00,  1.639075e+00, -9.085592e-01,  6.474040e-01,
         -8.688634e-01, -5.753795e-01, -5.193880e-01, -8.122304e-01,
          3.416226e-01,  1.137833e+00],
        [-8.167875e-01,  6.604790e-01,  1.308307e-01,  4.233889e-02,
          6.663861e-01, -5.947428e-01,  5.167073e-02, -6.456681e-01,
          3.620659e-01, -7.674001e-01],
        [ 4.496708e-01,  2.609252e-01, -1.093343e+00, -4.857971e-01,
          6.680996e-02,  5.290470e-01,  1.329195e+00, -2.155660e+00,
         -1.499927e+00, -6.418479e-01],
        [-3.936372e-01,  5.790381e-01, -1.658116e+00, -1.417092e+00,
         -1.062408e-01,  3.074483e-01,  7.913120e-01, -6.195977e-01,
         -1.911124e-02,  1.816827e+00],
        [ 4.524192e-01, -5.735843e-01, -9.996191e-02,  9.393979e-01,
         -3.338787e-01, -5.954215e-01,  8.966038e-02,  1.135110e+00,
         -2.073884e+00,  1.208109e-01],
        [-9.347416e-01,  2.438034e+00, -3.372766e-01,  1.224988e+00,
          6.783906e-02,  9.135615e-01, -1.637006e+00, -1.852160e-01,
         -1.611032e+00,  5.433609e-01],
        [-1.669998e-01,  6.079955e-01, -7.807149e-01,  3.334394e-01,
         -9.743713e-01, -1.120496e+00, -6.580170e-01,  8.732539e-01,
          1.062401e+00,  4.229024e-01],
        [ 8.368071e-01,  3.811751e-01,  2.350384e-02, -5.689322e-01,
         -1.505032e+00, -5.604641e-01, -9.815137e-01,  3.140616e-01,
         -9.815872e-01,  8.983514e-01],
        [ 1.840700e-01,  7.115991e-02, -1.046464e-02, -7.643085e-02,
          7.767199e-01, -5.628556e-01,  5.659608e-01,  4.820023e-01,
         -1.514829e+00,  1.094193e-01],
        [-2.374579e+00, -1.288756e+00,  3.081957e-01, -8.372491e-01,
         -7.694903e-02,  1.831890e+00,  1.635642e+00, -1.966461e-01,
          4.139776e-01,  3.257919e-01],
        [-1.004194e+00, -5.638545e-02, -7.855174e-01,  1.189367e+00,
          3.563761e+00, -8.563545e-01,  1.208871e+00, -4.447188e-01,
         -2.212281e-01, -1.049850e+00],
        [ 7.077007e-02, -2.053102e+00,  4.053443e-01, -1.034046e+00,
         -6.657976e-02,  1.183896e+00, -1.625085e+00,  8.633682e-01,
          1.727220e-01, -9.810566e-01],
        [ 7.860638e-01,  2.373483e-01,  6.123321e-01, -9.764411e-01,
          6.914009e-01,  1.338272e+00, -5.999358e-01,  1.026737e+00,
         -6.350684e-01,  9.333608e-01],
        [ 1.872496e-01, -1.111364e+00,  9.259099e-01,  1.521444e+00,
          1.027670e+00, -5.538277e-01, -4.528056e-01,  6.262088e-01,
          9.120812e-01,  3.868628e-02],
        [-6.509944e-01, -7.860784e-01, -1.204364e-02, -1.389705e+00,
         -8.157315e-01, -6.557372e-01,  6.904553e-01,  1.065008e+00,
          1.597264e+00,  1.473140e+00],
        [-1.819015e+00, -1.055933e+00,  5.585827e-01,  9.618661e-01,
          1.329156e+00,  2.223039e+00, -1.020163e+00, -1.083842e+00,
          6.737548e-01, -1.021375e+00],
        [ 2.660964e-01, -4.527629e-01, -8.946960e-01, -6.110360e-01,
          8.184035e-01, -7.140943e-01,  4.186085e-01,  8.956445e-01,
         -1.007406e+00, -8.061100e-01],
        [-7.910321e-01,  1.004414e-01, -6.706945e-01, -1.277013e+00,
         -9.282361e-01, -5.786215e-01, -8.375118e-01, -2.822604e-01,
          4.472347e-01, -1.769959e+00],
        [ 2.234591e+00, -6.279222e-01,  4.794376e-01, -5.661187e-01,
          6.555462e-01, -3.491474e-01,  7.294403e-02, -1.958362e+00,
         -3.262433e-01, -3.128014e-01],
        [ 2.049940e+00, -7.609694e-01,  5.875638e-02, -1.427221e+00,
         -7.431595e-01,  2.902412e+00,  2.354401e+00,  5.839894e-01,
          1.134082e-01,  1.012548e+00],
        [-3.337200e-01, -5.182264e-01, -7.113850e-01, -1.573498e-01,
          1.744712e+00,  8.341892e-01, -1.106968e+00, -4.014929e-01,
          3.356473e-01, -2.885894e-01],
        [-1.019716e-01, -4.074695e-01,  2.863754e-01,  1.962923e-01,
          3.980460e-01,  1.631985e+00, -9.541069e-02, -7.745100e-01,
         -2.103778e-01, -2.858263e-01],
        [ 1.320698e+00, -3.413487e-01,  2.084334e+00,  1.329237e+00,
          3.112392e-01,  1.964552e+00, -1.049116e+00,  1.306242e+00,
          1.417129e+00, -5.094157e-01],
        [ 6.563231e-01,  4.716091e-01, -1.829759e-01, -4.898941e-01,
         -5.084489e-01, -9.086665e-01, -1.185151e+00,  4.856588e-01,
         -2.936524e-01,  7.757603e-01],
        [-1.178114e+00,  1.442006e+00,  1.063210e+00, -4.456020e-01,
          1.465710e+00, -3.098095e+00,  1.053955e+00, -6.476323e-01,
         -2.867187e+00, -1.076692e+00],
        [ 7.001324e-01, -8.354423e-01, -1.824586e-03, -1.117679e+00,
          1.191542e+00, -1.663736e+00,  1.483287e+00,  5.867218e-01,
         -5.423206e-01,  4.226815e-02],
        [-2.262431e+00,  9.672723e-01, -1.412232e+00, -4.273730e-01,
          5.719073e-01, -1.003565e-01, -7.628481e-01,  1.606869e+00,
         -1.213071e+00, -1.323327e-01],
        [-1.432285e+00,  2.248519e-01,  3.137775e-01, -1.394485e+00,
         -1.803055e+00,  7.250924e-01,  6.025642e-01,  2.652072e-01,
          3.538427e-01,  9.953687e-01],
        [ 9.288126e-01,  1.856907e+00,  1.208869e+00,  7.310364e-02,
          4.226788e-01,  1.917494e+00, -4.909564e-01,  5.636466e-01,
         -8.337569e-01,  4.098799e-01],
        [ 8.906345e-01, -2.528394e-01,  9.919568e-01,  1.070891e+00,
          8.324752e-02,  1.388862e+00, -6.956249e-01,  8.461509e-01,
          2.317973e-01,  5.978295e-01],
        [-1.666307e+00, -6.497736e-01, -1.323408e+00,  1.540440e+00,
          5.126455e-01, -2.113101e-01, -8.798086e-01, -1.195747e+00,
         -3.747997e-02, -4.311070e-01],
        [ 5.207818e-01,  2.902106e-01,  1.254400e+00, -9.782897e-01,
          8.225429e-01, -4.477242e-01, -2.288241e+00,  1.635231e+00,
          2.995824e-01,  1.574605e+00],
        [-1.224751e+00, -9.632043e-01, -4.683703e-01,  8.577906e-01,
         -1.627412e-02, -3.377086e-01,  8.602045e-01,  9.902233e-01,
         -9.197798e-01,  4.519533e-01],
        [ 1.245137e+00,  4.987886e-01,  7.545791e-01,  1.948171e+00,
          2.527622e-01,  1.597118e+00, -3.964930e-01,  1.876325e+00,
          7.462996e-01,  2.590782e+00],
        [ 2.171884e-01,  6.852911e-01, -1.223812e+00, -2.351603e-01,
         -2.447884e-02, -4.186031e-01,  2.914631e-01,  2.071013e-01,
         -2.710473e-01,  2.313379e+00],
        [-3.960536e-01,  1.064685e-01, -4.359960e-01, -6.680021e-01,
         -9.779028e-01, -1.960088e+00,  1.048183e+00, -8.385205e-01,
          8.714831e-01,  8.588637e-01],
        [-1.681584e+00, -7.057462e-01, -8.717630e-02, -1.386544e+00,
          7.931100e-01,  7.893572e-02,  1.748650e+00, -1.763502e+00,
         -1.659386e-01, -8.204883e-01],
        [-9.235818e-01, -2.752442e-01, -1.397226e+00,  1.514286e+00,
          6.894323e-01,  1.172823e+00,  1.045959e+00, -9.668089e-01,
          1.539479e+00,  4.206058e-01],
        [-2.802046e+00, -5.405937e-01,  7.124843e-01, -1.399762e+00,
          1.693246e+00, -1.634361e+00, -1.421376e+00, -1.133986e+00,
          4.533474e-01, -7.153032e-01],
        [ 1.849005e-01,  4.113963e-01,  8.468050e-01,  5.549420e-01,
          1.002524e+00, -1.403505e+00, -1.012827e+00,  1.704238e+00,
          4.672305e-02,  5.925613e-02],
        [ 1.479010e+00, -5.816568e-01,  2.475722e-01,  9.569854e-01,
          8.001437e-01,  4.561547e-01,  1.809698e-01,  9.932567e-01,
          1.106796e-01, -5.651152e-02],
        [-3.298209e-01, -6.205481e-01, -9.273910e-01,  1.162514e+00,
          1.484134e-01, -3.892317e-01,  1.057579e+00,  8.955940e-02,
         -9.275162e-01,  2.773846e-01],
        [-1.806086e-01,  3.169359e-02, -4.000529e-01,  3.118529e+00,
         -8.278717e-01,  4.876120e-01, -1.136596e+00, -2.027813e+00,
          6.236186e-01, -1.147320e+00],
        [-2.519308e+00, -2.255462e-01,  8.027772e-01, -9.126084e-01,
          2.048893e+00, -9.103226e-01,  2.361082e+00,  1.107044e+00,
         -1.362308e+00,  7.763140e-01],
        [-1.487002e+00, -1.616165e+00,  2.325699e-01, -1.841453e-01,
         -7.651011e-01, -1.030701e-01,  4.954244e-01, -5.896615e-01,
         -1.022622e+00,  1.699184e+00],
        [-7.256460e-01, -6.305570e-01, -3.194676e+00,  3.046879e-01,
         -1.862653e+00,  3.926207e-01,  3.360613e-02,  8.301958e-01,
         -1.071760e-01,  1.836392e-01],
        [-1.879485e-01,  5.804467e-01,  4.156540e-02,  8.345680e-01,
         -5.225780e-02,  1.099849e+00,  3.665144e-01,  2.620926e-01,
         -1.211406e+00, -1.198193e+00],
        [-6.358064e-01, -9.038689e-01,  2.071749e+00, -1.140401e+00,
         -3.134390e-01,  1.350505e+00, -2.100154e-01, -4.738843e-01,
          3.883649e-01,  1.409016e+00],
        [ 1.217160e+00, -1.111604e-01,  4.510404e-01, -3.407259e-01,
          2.218043e+00, -1.695091e+00, -1.595150e+00, -5.342846e-01,
         -7.387996e-01,  7.790688e-01],
        [ 1.225522e+00, -1.465030e+00,  8.946083e-01,  2.591154e-01,
          3.965528e-02,  1.449617e-02, -3.059989e-02,  8.008810e-01,
         -1.560265e+00, -1.815749e-02],
        [ 2.120586e-01, -4.825400e-01, -1.013556e+00, -2.071050e-02,
         -6.692281e-02, -5.741147e-01, -1.590124e-01,  8.010060e-01,
         -8.479208e-01,  1.737431e+00],
        [-1.131023e+00, -7.536204e-02, -5.193720e-01,  1.600827e+00,
          3.619202e-01, -3.067862e-01,  1.150899e+00,  9.999087e-02,
         -9.377542e-01, -8.179957e-01],
        [-1.506608e+00,  3.600270e-01,  9.985798e-01, -1.727375e+00,
         -5.165347e-01,  5.412632e-01, -8.016117e-01, -1.381076e-01,
         -9.031017e-01,  5.192214e-01],
        [ 1.325770e-02, -1.421332e+00,  4.890683e-01, -8.346902e-01,
         -2.523805e+00,  3.073753e-01,  1.956055e+00, -1.282314e+00,
         -1.514636e+00,  6.843164e-01],
        [ 1.519792e+00,  1.230580e+00,  5.690592e-01, -6.048902e-01,
         -1.108161e-01,  1.238215e+00, -3.835351e-01, -1.057009e-01,
          8.729330e-01, -6.395252e-01],
        [-4.447375e-01, -1.015217e+00, -2.001909e+00,  4.533587e-01,
          1.325920e+00, -3.061793e-01,  2.394943e+00, -7.848179e-01,
          2.281999e+00, -1.040815e+00]], device='cuda:0')), ('linears_prediction_reg.0.weight', tensor([[-1.295960, -1.284067, -2.004250,  0.837094,  0.711855,  0.615253,
          0.837177, -1.155488, -0.602274,  0.812479]], device='cuda:0')), ('linears_prediction_reg.0.bias', tensor([0.473259], device='cuda:0')), ('linears_prediction_class.0.weight', tensor([[ 0.037936,  0.304624, -0.001560,  0.053539, -0.245651, -0.230670,
          0.160389,  0.071513,  0.005856, -0.370897],
        [-0.017379,  0.133582, -0.411104,  0.031434, -0.137003,  0.136832,
          0.142629, -0.011131, -0.173204, -0.257162]], device='cuda:0')), ('linears_prediction_class.0.bias', tensor([0.139652, 0.101552], device='cuda:0'))])