OrderedDict([('ginlayers.0.eps', tensor([-0.276470], device='cuda:0')), ('ginlayers.0.apply_func.mlp.linear.weight', tensor([[ 1.600830e-01,  2.417163e-02, -6.350945e-01, -1.260073e-01,
          2.337727e-01, -8.258266e-02,  5.172307e-01,  1.197673e+00,
          2.139989e-01,  5.383872e-01],
        [-7.505706e-02,  3.248953e-01,  2.964675e-01, -2.806116e-01,
          1.588479e-01,  1.035220e-01,  3.225103e-01,  5.826747e-01,
         -1.061549e-01,  7.221313e-01],
        [ 1.798286e-01,  5.786967e-01,  3.046750e-01, -3.220934e-01,
          1.777190e-01, -3.835039e-01, -1.319714e-01,  1.398947e-01,
         -2.054787e-01,  1.821753e-03],
        [-4.480022e-01,  8.959911e-01,  6.034831e-02, -3.719198e-01,
          3.239942e-01, -1.033274e-01,  2.025211e-01, -2.311495e-01,
          1.495388e-01, -1.152697e-01],
        [-2.425408e-01,  7.697862e-01, -7.388408e-02, -1.428689e-01,
         -8.416352e-02,  1.613104e-01, -9.735544e-02,  4.105598e-01,
         -4.520438e-01,  3.976679e-01],
        [ 1.860502e-01, -5.253760e-01, -3.603122e-01,  5.314345e-01,
          1.833118e-01, -2.462117e-01, -6.073999e-04,  6.045591e-01,
          7.963999e-02,  4.328600e-01],
        [ 7.647806e-01, -6.127778e-01, -3.921476e-02,  7.602419e-01,
         -2.378913e-01,  2.491446e-02, -4.171410e-01, -6.562807e-03,
          3.384584e-01,  2.547066e-01],
        [ 1.876027e-01, -1.237544e-01, -5.118856e-01, -4.187181e-01,
          2.003323e-01,  2.398322e-01,  5.536519e-01, -7.575193e-02,
         -5.664580e-01, -1.753138e-01],
        [ 2.272757e-01,  1.779113e-01, -4.018612e-01, -4.500343e-01,
         -3.602856e-01, -5.761084e-02,  4.766846e-01, -1.839110e-01,
         -1.969907e-01, -1.001405e+00],
        [ 1.046022e-01, -1.680564e-01, -6.539780e-01,  3.664345e-01,
         -4.180593e-01,  2.118398e-01,  1.187520e-01, -1.706504e-02,
          1.993948e-01, -5.093966e-01]], device='cuda:0')), ('ginlayers.0.apply_func.mlp.linear.bias', tensor([ 0.156486, -0.015068, -0.148938,  0.298169, -0.025223,  0.013696,
        -0.346457,  0.262742, -0.549438, -0.702143], device='cuda:0')), ('ginlayers.0.bn_node_h.weight', tensor([0.770948, 1.093864, 1.162792, 1.541647, 1.925596, 1.250635, 1.572722,
        1.055959, 0.455301, 0.818617], device='cuda:0')), ('ginlayers.0.bn_node_h.bias', tensor([-0.187099, -0.219394, -0.945616,  0.196722, -0.361596,  0.211101,
        -0.024424, -0.490489, -0.052255,  0.245728], device='cuda:0')), ('ginlayers.0.bn_node_h.running_mean', tensor([ 1.893147, -2.847541, -2.588293, -4.210419, -2.503608,  2.858062,
         3.958773,  0.563495,  1.716545,  3.570398], device='cuda:0')), ('ginlayers.0.bn_node_h.running_var', tensor([2.567977, 1.569737, 2.161135, 3.996620, 1.931362, 1.653871, 7.307912,
        1.134154, 1.341187, 3.756536], device='cuda:0')), ('ginlayers.0.bn_node_h.num_batches_tracked', tensor(138996, device='cuda:0')), ('ginlayers.1.eps', tensor([-0.097822], device='cuda:0')), ('ginlayers.1.apply_func.mlp.linear.weight', tensor([[-0.101782,  0.081967,  0.330075,  1.031829,  0.089676,  0.051384,
          0.549496, -0.362684, -0.118299,  0.015653],
        [ 0.596650,  0.536308, -0.209796, -0.057963, -0.377873, -0.394599,
         -0.130004, -0.298196, -0.184146,  0.082786],
        [-0.344564, -0.524692,  0.586516, -0.525522,  0.029218, -0.107598,
          0.512904,  0.273865, -0.257269,  0.209681],
        [ 0.292549, -0.312806, -0.507970, -0.046823,  0.498803,  0.308351,
         -0.047573, -0.245984, -0.168138,  0.058785],
        [ 0.004206, -0.434220,  0.222414, -0.510638,  0.511445, -0.105600,
         -0.036627, -0.164000, -0.081412, -0.195020],
        [-0.224181,  0.102793,  0.641467, -0.229064, -0.359271, -0.159192,
         -0.226774,  0.054505, -0.693217,  0.176388],
        [-0.059876,  0.005384, -1.238969, -0.136459,  0.315893,  0.039710,
         -0.087915, -0.537190,  0.113850,  0.125475],
        [-0.036873,  0.073010, -0.371250,  0.606059, -0.238739,  0.673224,
         -0.256830,  0.024120, -0.211683, -0.154090],
        [ 0.192683,  0.177152,  0.241120, -0.112015, -0.368646, -0.307694,
         -0.564290,  0.514048, -0.218264,  0.205491],
        [-0.082187, -0.085168, -1.065196, -1.085482,  0.309425, -0.183430,
          0.038000, -0.162559,  0.240727,  0.133848]], device='cuda:0')), ('ginlayers.1.apply_func.mlp.linear.bias', tensor([-0.245066,  0.304576,  0.010732,  0.051422, -0.273781,  0.189553,
        -0.217551, -0.006092,  0.250625,  0.438759], device='cuda:0')), ('ginlayers.1.bn_node_h.weight', tensor([1.849801, 2.271294, 2.334014, 2.111946, 1.747480, 2.004161, 2.009587,
        2.128353, 2.082134, 2.343764], device='cuda:0')), ('ginlayers.1.bn_node_h.bias', tensor([ 0.426644,  0.181295, -0.205074,  0.473408, -0.503483,  0.500498,
         0.496237,  0.002475, -0.754265,  0.278934], device='cuda:0')), ('ginlayers.1.bn_node_h.running_mean', tensor([ 1.312920, -0.153167, -1.283561,  1.368202, -2.826280, -3.461646,
         0.582958,  2.884757, -0.665595, -0.590558], device='cuda:0')), ('ginlayers.1.bn_node_h.running_var', tensor([2.969061, 0.668980, 2.247348, 0.707093, 1.791524, 2.539529, 1.100013,
        1.717634, 2.271504, 3.437830], device='cuda:0')), ('ginlayers.1.bn_node_h.num_batches_tracked', tensor(138996, device='cuda:0')), ('embedding_h.weight', tensor([[ 2.629008e-03, -7.315688e-01, -1.383675e+00, -1.819878e-01,
         -6.160238e-01, -1.519630e+00,  1.663606e-01,  1.071847e+00,
         -8.132874e-01, -4.822696e-01],
        [-4.882669e-01, -2.177308e+00, -1.537858e-01,  5.097878e-01,
          7.578187e-01,  4.966404e-01, -9.231856e-01, -2.194231e-01,
         -7.213890e-01, -1.445632e+00],
        [-2.022468e-01,  4.990140e-01, -3.885218e-01,  1.513701e+00,
         -2.573998e+00, -4.191443e-01, -4.648817e-01, -9.260345e-01,
          4.767407e-01,  3.784479e-01],
        [ 7.281501e-01,  9.324718e-01, -8.001376e-01, -5.886046e-01,
         -1.343508e+00,  2.282379e+00,  9.771295e-01,  9.685666e-03,
          6.870054e-01, -4.648398e-01],
        [ 1.090275e-01, -1.677802e+00, -1.202685e-01,  1.147257e-01,
         -1.698705e-01,  1.282439e-02, -3.953769e-01,  1.650241e-01,
         -7.843152e-01, -1.362708e+00],
        [ 2.832906e-01, -5.055164e-01, -6.203572e-01, -8.709992e-01,
          1.111398e-01,  9.689005e-02, -4.993147e-01, -2.406761e-01,
          7.486647e-02, -1.810499e+00],
        [ 1.043435e+00, -4.596223e-01,  7.919018e-02, -3.005175e-01,
          1.111148e+00,  7.306681e-01, -2.088947e+00, -2.078860e-01,
          1.350561e+00,  6.100559e-02],
        [ 6.813816e-01, -7.294323e-01, -2.175597e-01, -8.095025e-01,
          1.133581e+00, -6.365941e-01,  6.008307e-01, -1.590168e+00,
         -1.630342e+00, -2.782616e+00],
        [-4.879203e-01, -1.086496e+00, -1.156369e+00,  2.411811e+00,
         -2.672638e+00, -4.855287e-01,  9.171036e-01, -4.746554e-01,
          1.185822e+00,  2.165233e+00],
        [ 9.343979e-01, -1.055917e+00, -6.878124e-01,  5.356939e-01,
         -1.350203e+00,  4.624417e-01, -2.864543e-01,  1.961213e-01,
          8.625399e-01, -3.969761e-01],
        [-1.755557e+00, -2.915159e+00, -4.090226e-01,  2.530087e+00,
          1.592999e+00,  6.826781e-01,  3.231193e-01,  1.062294e-01,
         -7.766029e-02, -1.919186e-01],
        [-6.177014e-01, -2.161942e-01,  4.593278e-01,  1.581169e+00,
         -1.707024e+00, -4.296461e-01,  5.538006e-01, -5.482297e-01,
          7.563277e-01, -2.243709e-01],
        [ 1.201786e+00, -7.566423e-01,  9.303353e-02,  1.941482e+00,
         -1.110007e+00, -7.139252e-01, -7.057191e-01, -1.555022e-01,
         -5.366921e-02, -4.191096e-01],
        [ 4.151152e-01, -1.848646e+00, -5.012380e-02,  6.689849e-01,
          3.323531e+00,  1.579118e+00, -2.680898e+00, -8.978912e-01,
          2.117283e+00,  5.346119e-01],
        [-4.119856e-01, -4.230922e-01, -4.497235e-01, -1.055223e+00,
          1.016891e-01, -2.775664e+00,  2.644557e-01,  9.937957e-02,
         -1.080492e-01,  1.880731e+00],
        [ 4.407516e-01, -6.223315e-02,  9.059961e-01,  1.296396e+00,
         -1.921388e-01,  1.431329e-01, -1.195282e+00, -6.940919e-01,
          5.718699e-01,  1.099471e+00],
        [-1.521916e+00, -4.887766e-01, -1.530109e-01,  9.307802e-01,
         -3.655632e+00, -1.950148e+00, -7.935299e-01, -2.970947e+00,
          1.228381e+00, -1.135238e+00],
        [ 1.207842e+00,  9.819865e-02,  3.717946e-01, -1.781058e+00,
          7.512276e-01, -4.146616e-01, -9.757196e-01, -1.214527e+00,
          1.172881e+00, -9.953454e-02],
        [ 8.426099e-01, -9.217086e-02,  3.551140e-01, -5.860296e-01,
         -1.627139e+00, -2.206542e+00, -7.763747e-01,  1.131597e+00,
          3.495227e-01, -8.869759e-01],
        [-2.760082e-02,  1.043352e+00,  8.644226e-01,  5.590159e-01,
         -8.647393e-01,  9.142825e-01, -3.359628e-01,  7.216615e-01,
         -1.606188e+00,  3.977228e-01],
        [ 6.495278e-01, -1.250444e+00,  7.414721e-01,  5.593957e-01,
         -4.625673e-01,  6.017221e-01,  3.347797e-01, -2.815547e+00,
          2.237700e+00, -8.025681e-01],
        [ 9.997326e-01,  4.440413e-01, -3.858869e-01,  7.659250e-01,
         -1.320478e-01, -2.580823e+00, -1.374843e-01, -9.556822e-01,
         -6.166075e-01, -5.172232e-01],
        [ 2.716916e-01,  4.442650e-01, -1.568837e+00,  4.488373e-01,
          1.195078e+00, -2.249274e+00, -1.284003e+00, -8.870815e-02,
          2.557467e+00,  3.815371e-02],
        [ 1.391533e+00, -3.235757e-01,  1.277047e+00, -4.156572e-01,
          5.213268e-01,  1.605754e+00,  1.560161e-01, -9.190629e-01,
         -9.875852e-01, -1.490341e+00],
        [-5.163043e-01, -1.550110e+00, -3.230488e-01,  1.308559e+00,
         -2.131553e+00, -5.225575e-01,  7.688923e-01, -4.436455e-01,
          1.334210e+00, -1.274257e-01],
        [-2.096687e-01, -2.546145e-01,  9.361109e-01, -2.289856e-01,
         -1.995578e+00,  5.342535e-01, -3.320917e-01, -2.698183e+00,
          2.082066e-01,  8.074000e-01],
        [-5.384600e-01,  8.112402e-01, -5.911077e-01,  4.388942e-01,
         -1.800361e+00, -5.760087e-02,  1.738603e+00, -6.367087e-01,
          7.304165e-01, -3.196029e-02],
        [-8.374431e-01, -4.903847e-01, -2.012790e-01,  5.766292e-01,
         -2.115666e-01,  5.094227e-01,  9.940204e-01, -1.187381e+00,
          6.854323e-01,  1.556880e+00],
        [-6.003792e-01, -7.153344e-01,  6.006670e-01,  2.136059e+00,
         -1.295583e+00, -1.312204e+00,  2.545258e+00, -2.058925e+00,
          7.685331e-01, -2.966559e-02],
        [-1.836387e-01, -1.542060e+00,  5.829199e-01, -4.856024e-02,
         -7.806526e-01, -1.736058e+00,  2.608709e-01, -1.051982e+00,
          1.640840e+00,  1.661984e-01],
        [-1.053875e+00,  4.879291e-01,  1.114757e+00,  4.899035e-01,
         -1.247592e-01,  1.121230e+00,  5.015824e-01,  5.711265e-01,
          5.471207e-03, -7.392161e-01],
        [-6.803373e-02, -2.213811e+00,  8.103631e-01, -6.730185e-01,
          7.736588e-01,  1.996444e-02, -1.573563e-01, -5.712528e-01,
          2.840112e-01, -1.957561e+00],
        [ 1.442569e+00,  3.805921e+00,  6.290258e-02,  1.204403e+00,
          2.951540e-01, -8.189109e-01,  6.891816e-01, -1.358713e+00,
         -1.038244e+00, -1.098600e-01],
        [-7.655834e-01, -2.339408e+00,  2.975594e-01,  9.514769e-01,
         -1.272780e-01,  9.937040e-01,  3.484524e+00, -4.930879e+00,
          1.662131e+00, -1.471806e+00],
        [-5.314372e-01, -1.367459e+00,  1.335805e+00, -4.006463e-01,
         -2.051744e+00,  1.928336e-01, -8.044174e-01,  4.025376e-01,
          1.023068e-01,  7.945124e-01],
        [-3.883160e-01, -1.064581e-01, -3.799574e-01,  2.149188e+00,
         -1.413450e+00, -7.748111e-01, -5.302596e-02, -2.790450e+00,
          1.724934e+00,  9.243306e-01],
        [ 1.131524e+00, -1.092003e+00, -6.203363e-01,  4.828445e-01,
         -7.651443e-01, -5.395465e-01,  2.021916e-01, -2.259024e-01,
          2.244979e+00,  2.545585e-01],
        [ 8.987271e-01, -9.682748e-01,  1.097950e+00,  1.574456e+00,
         -4.208265e-01, -1.557453e-01, -2.064723e-01, -1.141329e-01,
          5.972816e-01,  4.722992e-01],
        [ 6.715805e-01, -1.426221e-01,  9.407231e-01,  4.833597e-01,
         -1.726451e+00, -7.464193e-01,  2.008424e+00, -2.083893e+00,
          3.459785e+00,  1.899468e+00],
        [ 1.666401e+00,  7.795410e-01, -2.111291e-01, -5.750560e-01,
          1.784011e+00,  3.719463e-01, -3.505918e-01, -5.825707e-01,
         -5.271447e-02, -5.232213e-01],
        [-4.309868e-01, -5.569398e-01,  1.604734e-01,  4.444605e-01,
          1.131619e+00, -7.834747e-01,  1.236506e+00, -2.016095e+00,
          7.069468e-01, -2.233105e+00],
        [ 7.940735e-01,  7.072241e-01, -3.994589e-01, -6.592527e-01,
         -9.549861e-02, -2.147067e+00,  6.750216e-01, -7.674860e-01,
         -1.801538e-01,  3.033834e-01],
        [ 2.347194e-01, -4.071849e-01,  2.731500e-01,  2.186192e-03,
          5.234973e-01, -5.442645e-01, -5.683991e-01,  1.252789e-01,
         -2.541935e+00, -6.798684e-02],
        [-1.219862e+00, -1.307517e+00, -6.298382e-01,  2.518317e+00,
         -2.971673e+00,  1.601304e+00,  1.173938e+00, -2.088009e+00,
          9.032434e-01,  9.120087e-01],
        [-8.712950e-01,  2.631382e-03,  1.019243e+00,  1.212091e+00,
         -8.373262e-01, -5.252047e-01, -6.838815e-01, -2.537718e+00,
          1.611087e+00,  3.012927e+00],
        [-1.161881e+00,  6.466789e-01,  3.077456e-01, -2.862943e-01,
         -5.461674e-02, -3.129556e-01,  1.987793e-01, -2.048601e-01,
         -1.186098e-01,  1.191637e+00],
        [-6.045737e-01, -1.138444e+00, -1.363053e-01,  8.176311e-01,
         -2.267488e+00,  4.830686e-01,  1.546473e-01, -1.200075e+00,
          2.176010e+00, -1.025057e+00],
        [-9.487993e-01, -1.719372e-01, -6.307271e-02,  1.098403e+00,
          1.101495e+00, -8.078858e-01,  8.827068e-01, -4.091017e+00,
          2.269572e-01, -2.050693e+00],
        [ 2.113575e+00, -5.890837e-01,  5.487278e-01,  9.093273e-01,
          4.918976e-01,  2.206741e-01,  2.595014e+00,  6.162374e-01,
         -3.174689e-01,  2.368349e+00],
        [-1.361386e+00, -1.985692e-01,  7.091337e-01, -3.125286e-01,
         -1.841021e+00, -2.030625e-03, -7.748970e-01, -1.679647e+00,
          1.270319e+00, -7.909407e-01],
        [-8.514650e-01, -1.502983e-01,  3.073659e-02,  7.728652e-01,
          1.561733e-01, -8.609786e-02, -4.073762e-01,  4.674042e-02,
          1.480241e+00,  6.842658e-01],
        [-1.198376e+00, -1.035068e+00, -7.810256e-01, -1.197135e+00,
         -2.314996e+00, -1.173368e+00,  1.152691e+00, -2.896376e-01,
          9.425138e-01, -8.060950e-01],
        [ 4.900161e-01, -1.206881e+00,  6.166807e-02, -1.109031e-01,
         -7.133523e-01,  4.184920e-01,  7.576815e-01,  9.828517e-01,
          4.055579e-02,  2.062399e-02],
        [-1.750733e+00,  1.639075e+00, -9.085592e-01,  6.474040e-01,
         -8.688634e-01, -5.753795e-01, -5.193880e-01, -8.122304e-01,
          3.416226e-01,  1.137833e+00],
        [-8.167875e-01,  6.604790e-01,  1.308307e-01,  4.233889e-02,
          6.663861e-01, -5.947428e-01,  5.167073e-02, -6.456681e-01,
          3.620659e-01, -7.674001e-01],
        [ 4.496708e-01,  2.609252e-01, -1.093343e+00, -4.857971e-01,
          6.680996e-02,  5.290470e-01,  1.329195e+00, -2.155660e+00,
         -1.499927e+00, -6.418479e-01],
        [-3.936372e-01,  5.790381e-01, -1.658116e+00, -1.417092e+00,
         -1.062408e-01,  3.074483e-01,  7.913120e-01, -6.195977e-01,
         -1.911124e-02,  1.816827e+00],
        [ 4.524192e-01, -5.735843e-01, -9.996191e-02,  9.393979e-01,
         -3.338787e-01, -5.954215e-01,  8.966038e-02,  1.135110e+00,
         -2.073884e+00,  1.208109e-01],
        [-9.347416e-01,  2.438034e+00, -3.372766e-01,  1.224988e+00,
          6.783906e-02,  9.135615e-01, -1.637006e+00, -1.852160e-01,
         -1.611032e+00,  5.433609e-01],
        [-1.278876e+00, -1.229278e+00, -1.439656e-01,  2.193135e+00,
         -3.496587e+00, -6.663069e-01,  2.668091e+00, -1.462528e+00,
          2.118886e+00,  2.158378e+00],
        [ 3.349224e-01, -1.038549e+00, -1.974425e-01,  1.625680e-01,
         -1.749584e+00, -3.874586e-01, -1.472111e-01,  1.977757e-01,
         -7.374698e-01,  1.797624e-01],
        [ 1.840700e-01,  7.115991e-02, -1.046464e-02, -7.643085e-02,
          7.767199e-01, -5.628556e-01,  5.659608e-01,  4.820023e-01,
         -1.514829e+00,  1.094193e-01],
        [-2.374579e+00, -1.288756e+00,  3.081957e-01, -8.372491e-01,
         -7.694903e-02,  1.831890e+00,  1.635642e+00, -1.966461e-01,
          4.139776e-01,  3.257919e-01],
        [-1.004194e+00, -5.638545e-02, -7.855174e-01,  1.189367e+00,
          3.563761e+00, -8.563545e-01,  1.208871e+00, -4.447188e-01,
         -2.212281e-01, -1.049850e+00],
        [ 7.077007e-02, -2.053102e+00,  4.053443e-01, -1.034046e+00,
         -6.657976e-02,  1.183896e+00, -1.625085e+00,  8.633682e-01,
          1.727220e-01, -9.810566e-01],
        [ 7.860638e-01,  2.373483e-01,  6.123321e-01, -9.764411e-01,
          6.914009e-01,  1.338272e+00, -5.999358e-01,  1.026737e+00,
         -6.350684e-01,  9.333608e-01],
        [ 1.872496e-01, -1.111364e+00,  9.259099e-01,  1.521444e+00,
          1.027670e+00, -5.538277e-01, -4.528056e-01,  6.262088e-01,
          9.120812e-01,  3.868628e-02],
        [-6.509944e-01, -7.860784e-01, -1.204364e-02, -1.389705e+00,
         -8.157315e-01, -6.557372e-01,  6.904553e-01,  1.065008e+00,
          1.597264e+00,  1.473140e+00],
        [-1.819015e+00, -1.055933e+00,  5.585827e-01,  9.618661e-01,
          1.329156e+00,  2.223039e+00, -1.020163e+00, -1.083842e+00,
          6.737548e-01, -1.021375e+00],
        [ 2.660964e-01, -4.527629e-01, -8.946960e-01, -6.110360e-01,
          8.184035e-01, -7.140943e-01,  4.186085e-01,  8.956445e-01,
         -1.007406e+00, -8.061100e-01],
        [-7.910321e-01,  1.004414e-01, -6.706945e-01, -1.277013e+00,
         -9.282361e-01, -5.786215e-01, -8.375118e-01, -2.822604e-01,
          4.472347e-01, -1.769959e+00],
        [ 2.234591e+00, -6.279222e-01,  4.794376e-01, -5.661187e-01,
          6.555462e-01, -3.491474e-01,  7.294403e-02, -1.958362e+00,
         -3.262433e-01, -3.128014e-01],
        [ 2.049940e+00, -7.609694e-01,  5.875638e-02, -1.427221e+00,
         -7.431595e-01,  2.902412e+00,  2.354401e+00,  5.839894e-01,
          1.134082e-01,  1.012548e+00],
        [-3.337200e-01, -5.182264e-01, -7.113850e-01, -1.573498e-01,
          1.744712e+00,  8.341892e-01, -1.106968e+00, -4.014929e-01,
          3.356473e-01, -2.885894e-01],
        [-1.019716e-01, -4.074695e-01,  2.863754e-01,  1.962923e-01,
          3.980460e-01,  1.631985e+00, -9.541069e-02, -7.745100e-01,
         -2.103778e-01, -2.858263e-01],
        [ 1.320698e+00, -3.413487e-01,  2.084334e+00,  1.329237e+00,
          3.112392e-01,  1.964552e+00, -1.049116e+00,  1.306242e+00,
          1.417129e+00, -5.094157e-01],
        [ 6.563231e-01,  4.716091e-01, -1.829759e-01, -4.898941e-01,
         -5.084489e-01, -9.086665e-01, -1.185151e+00,  4.856588e-01,
         -2.936524e-01,  7.757603e-01],
        [-1.178114e+00,  1.442006e+00,  1.063210e+00, -4.456020e-01,
          1.465710e+00, -3.098095e+00,  1.053955e+00, -6.476323e-01,
         -2.867187e+00, -1.076692e+00],
        [ 7.001324e-01, -8.354423e-01, -1.824586e-03, -1.117679e+00,
          1.191542e+00, -1.663736e+00,  1.483287e+00,  5.867218e-01,
         -5.423206e-01,  4.226815e-02],
        [-2.262431e+00,  9.672723e-01, -1.412232e+00, -4.273730e-01,
          5.719073e-01, -1.003565e-01, -7.628481e-01,  1.606869e+00,
         -1.213071e+00, -1.323327e-01],
        [-1.432285e+00,  2.248519e-01,  3.137775e-01, -1.394485e+00,
         -1.803055e+00,  7.250924e-01,  6.025642e-01,  2.652072e-01,
          3.538427e-01,  9.953687e-01],
        [ 9.288126e-01,  1.856907e+00,  1.208869e+00,  7.310364e-02,
          4.226788e-01,  1.917494e+00, -4.909564e-01,  5.636466e-01,
         -8.337569e-01,  4.098799e-01],
        [ 8.906345e-01, -2.528394e-01,  9.919568e-01,  1.070891e+00,
          8.324752e-02,  1.388862e+00, -6.956249e-01,  8.461509e-01,
          2.317973e-01,  5.978295e-01],
        [-1.666307e+00, -6.497736e-01, -1.323408e+00,  1.540440e+00,
          5.126455e-01, -2.113101e-01, -8.798086e-01, -1.195747e+00,
         -3.747997e-02, -4.311070e-01],
        [ 5.207818e-01,  2.902106e-01,  1.254400e+00, -9.782897e-01,
          8.225429e-01, -4.477242e-01, -2.288241e+00,  1.635231e+00,
          2.995824e-01,  1.574605e+00],
        [-1.224751e+00, -9.632043e-01, -4.683703e-01,  8.577906e-01,
         -1.627412e-02, -3.377086e-01,  8.602045e-01,  9.902233e-01,
         -9.197798e-01,  4.519533e-01],
        [ 1.245137e+00,  4.987886e-01,  7.545791e-01,  1.948171e+00,
          2.527622e-01,  1.597118e+00, -3.964930e-01,  1.876325e+00,
          7.462996e-01,  2.590782e+00],
        [ 2.171884e-01,  6.852911e-01, -1.223812e+00, -2.351603e-01,
         -2.447884e-02, -4.186031e-01,  2.914631e-01,  2.071013e-01,
         -2.710473e-01,  2.313379e+00],
        [-3.960536e-01,  1.064685e-01, -4.359960e-01, -6.680021e-01,
         -9.779028e-01, -1.960088e+00,  1.048183e+00, -8.385205e-01,
          8.714831e-01,  8.588637e-01],
        [-1.681584e+00, -7.057462e-01, -8.717630e-02, -1.386544e+00,
          7.931100e-01,  7.893572e-02,  1.748650e+00, -1.763502e+00,
         -1.659386e-01, -8.204883e-01],
        [-9.235818e-01, -2.752442e-01, -1.397226e+00,  1.514286e+00,
          6.894323e-01,  1.172823e+00,  1.045959e+00, -9.668089e-01,
          1.539479e+00,  4.206058e-01],
        [-2.802046e+00, -5.405937e-01,  7.124843e-01, -1.399762e+00,
          1.693246e+00, -1.634361e+00, -1.421376e+00, -1.133986e+00,
          4.533474e-01, -7.153032e-01],
        [ 1.849005e-01,  4.113963e-01,  8.468050e-01,  5.549420e-01,
          1.002524e+00, -1.403505e+00, -1.012827e+00,  1.704238e+00,
          4.672305e-02,  5.925613e-02],
        [ 1.479010e+00, -5.816568e-01,  2.475722e-01,  9.569854e-01,
          8.001437e-01,  4.561547e-01,  1.809698e-01,  9.932567e-01,
          1.106796e-01, -5.651152e-02],
        [-3.298209e-01, -6.205481e-01, -9.273910e-01,  1.162514e+00,
          1.484134e-01, -3.892317e-01,  1.057579e+00,  8.955940e-02,
         -9.275162e-01,  2.773846e-01],
        [-1.806086e-01,  3.169359e-02, -4.000529e-01,  3.118529e+00,
         -8.278717e-01,  4.876120e-01, -1.136596e+00, -2.027813e+00,
          6.236186e-01, -1.147320e+00],
        [-2.519308e+00, -2.255462e-01,  8.027772e-01, -9.126084e-01,
          2.048893e+00, -9.103226e-01,  2.361082e+00,  1.107044e+00,
         -1.362308e+00,  7.763140e-01],
        [-1.487002e+00, -1.616165e+00,  2.325699e-01, -1.841453e-01,
         -7.651011e-01, -1.030701e-01,  4.954244e-01, -5.896615e-01,
         -1.022622e+00,  1.699184e+00],
        [-7.256460e-01, -6.305570e-01, -3.194676e+00,  3.046879e-01,
         -1.862653e+00,  3.926207e-01,  3.360613e-02,  8.301958e-01,
         -1.071760e-01,  1.836392e-01],
        [-1.879485e-01,  5.804467e-01,  4.156540e-02,  8.345680e-01,
         -5.225780e-02,  1.099849e+00,  3.665144e-01,  2.620926e-01,
         -1.211406e+00, -1.198193e+00],
        [-6.358064e-01, -9.038689e-01,  2.071749e+00, -1.140401e+00,
         -3.134390e-01,  1.350505e+00, -2.100154e-01, -4.738843e-01,
          3.883649e-01,  1.409016e+00],
        [ 1.217160e+00, -1.111604e-01,  4.510404e-01, -3.407259e-01,
          2.218043e+00, -1.695091e+00, -1.595150e+00, -5.342846e-01,
         -7.387996e-01,  7.790688e-01],
        [ 1.225522e+00, -1.465030e+00,  8.946083e-01,  2.591154e-01,
          3.965528e-02,  1.449617e-02, -3.059989e-02,  8.008810e-01,
         -1.560265e+00, -1.815749e-02],
        [ 2.120586e-01, -4.825400e-01, -1.013556e+00, -2.071050e-02,
         -6.692281e-02, -5.741147e-01, -1.590124e-01,  8.010060e-01,
         -8.479208e-01,  1.737431e+00],
        [-1.131023e+00, -7.536204e-02, -5.193720e-01,  1.600827e+00,
          3.619202e-01, -3.067862e-01,  1.150899e+00,  9.999087e-02,
         -9.377542e-01, -8.179957e-01],
        [-1.506608e+00,  3.600270e-01,  9.985798e-01, -1.727375e+00,
         -5.165347e-01,  5.412632e-01, -8.016117e-01, -1.381076e-01,
         -9.031017e-01,  5.192214e-01],
        [ 1.325770e-02, -1.421332e+00,  4.890683e-01, -8.346902e-01,
         -2.523805e+00,  3.073753e-01,  1.956055e+00, -1.282314e+00,
         -1.514636e+00,  6.843164e-01],
        [ 1.519792e+00,  1.230580e+00,  5.690592e-01, -6.048902e-01,
         -1.108161e-01,  1.238215e+00, -3.835351e-01, -1.057009e-01,
          8.729330e-01, -6.395252e-01],
        [-4.447375e-01, -1.015217e+00, -2.001909e+00,  4.533587e-01,
          1.325920e+00, -3.061793e-01,  2.394943e+00, -7.848179e-01,
          2.281999e+00, -1.040815e+00]], device='cuda:0')), ('linears_prediction_reg.0.weight', tensor([[ 0.344386, -0.983355, -1.170619,  0.804061, -0.550519,  0.743915,
          0.721014, -1.100568,  1.102834,  0.881143]], device='cuda:0')), ('linears_prediction_reg.0.bias', tensor([-1.361580], device='cuda:0')), ('linears_prediction_class.0.weight', tensor([[-0.012977,  0.252939, -0.151292, -0.015007, -0.151866, -0.090065,
          0.156450,  0.111494, -0.124946, -0.301165],
        [ 0.033554,  0.185320, -0.261395,  0.099980, -0.230824, -0.003791,
          0.146553, -0.051108, -0.042409, -0.326913]], device='cuda:0')), ('linears_prediction_class.0.bias', tensor([0.027511, 0.213686], device='cuda:0'))])