OrderedDict([('ginlayers.0.eps', tensor([0.508962], device='cuda:0')), ('ginlayers.0.apply_func.mlp.linear.weight', tensor([[ 0.095791, -0.044777, -0.455273,  0.049117,  0.461387, -0.791461,
          0.030460,  0.394665, -0.416583, -0.693986],
        [-0.222792,  0.108956,  0.812313, -0.268636, -0.147875,  0.484586,
         -0.317009, -0.054869,  0.803066, -0.238016],
        [ 0.282886,  0.134577,  1.121509, -0.180927, -0.407157,  0.234630,
          0.061141,  0.280773,  0.153185,  0.194667],
        [-0.377711,  0.468817, -0.207900, -0.764190,  0.586513, -0.242316,
         -0.057985,  0.185658,  0.058812, -0.683429],
        [-0.057148,  0.882675, -0.067524, -0.340901, -0.173264,  0.034815,
          0.357566,  0.586973, -0.089620,  0.334388],
        [ 0.314331, -0.565347, -0.796950,  0.477657,  0.366383, -0.370957,
          0.027110,  0.402528, -0.305193, -0.044326],
        [ 0.350740,  0.525700,  0.118142, -0.373663, -0.154858, -0.061968,
          0.389484,  0.693454, -0.023178,  0.240903],
        [ 0.205886,  0.383387,  0.442744, -0.913321,  0.140920,  0.408213,
         -0.275927, -0.608809,  0.058989, -0.202533],
        [ 0.524853,  0.170165, -0.346362,  0.031029, -0.285866, -0.024581,
          1.040169,  0.522913, -0.381655,  0.012390],
        [-0.428333, -1.469410, -0.517000,  0.231647, -0.107813,  0.193873,
         -0.247825,  0.055504,  0.208752, -0.200582]], device='cuda:0')), ('ginlayers.0.apply_func.mlp.linear.bias', tensor([ 0.047223,  0.167347,  0.263019,  0.304575,  0.105183,  0.087947,
         0.441637, -0.157955, -0.200075, -0.469317], device='cuda:0')), ('ginlayers.0.bn_node_h.weight', tensor([1.121198, 1.345997, 1.085854, 1.532441, 1.354921, 1.701581, 1.892698,
        0.995421, 1.155094, 0.575612], device='cuda:0')), ('ginlayers.0.bn_node_h.bias', tensor([ 0.212053, -0.477675, -1.151942,  0.214271,  0.455137,  0.714024,
         0.208206,  0.280346, -0.976041,  0.735768], device='cuda:0')), ('ginlayers.0.bn_node_h.running_mean', tensor([ 1.727897, -2.530563, -4.028505, -0.984128, -4.490476,  3.870703,
        -3.757552, -2.987111, -1.698134,  7.596601], device='cuda:0')), ('ginlayers.0.bn_node_h.running_var', tensor([11.396300,  7.265066,  4.555966,  7.428319,  3.594815,  6.439875,
         3.351729,  8.478841, 10.185013,  5.615319], device='cuda:0')), ('ginlayers.0.bn_node_h.num_batches_tracked', tensor(247590, device='cuda:0')), ('ginlayers.1.eps', tensor([-0.011243], device='cuda:0')), ('ginlayers.1.apply_func.mlp.linear.weight', tensor([[ 0.224669, -0.587698,  0.788192,  0.376979,  0.485812, -0.072780,
          0.075652, -0.352801,  0.223333, -0.121003],
        [ 0.220124,  0.284629,  0.122760,  0.531060, -0.299461, -0.601582,
          0.320440, -0.606415, -0.347045,  0.112285],
        [ 0.093725, -0.876126,  0.219642, -0.708324, -0.030554, -0.236165,
         -0.011243, -0.098557,  0.055087, -0.439656],
        [-0.334324, -0.606779,  0.021773, -0.541950, -0.128641, -0.509685,
          0.408016, -0.094959, -0.543126, -0.097169],
        [ 0.542534, -0.748709, -0.344221,  0.089813,  0.288178, -0.482782,
         -0.002003, -0.030960,  0.566092, -0.023797],
        [ 0.214174,  0.385070, -0.107904,  0.456064, -0.542975,  0.140684,
          0.305990,  0.740800,  0.143348,  0.269744],
        [ 0.110370, -0.449352,  0.402501, -0.034352, -0.112812, -0.477235,
          0.365943,  0.509851,  0.498137,  0.253062],
        [-0.746899, -0.081463,  0.095252,  0.228075, -0.324504,  0.213633,
          0.474374,  0.160771, -0.341348, -0.441530],
        [-0.114901, -0.626767,  0.582737, -0.032849,  0.142175, -0.305186,
          0.334883,  0.091585, -1.067946,  0.017082],
        [-0.027755, -0.028936, -0.572827,  0.376565,  0.075441, -0.165208,
         -0.114580, -0.552124,  1.237355, -0.234931]], device='cuda:0')), ('ginlayers.1.apply_func.mlp.linear.bias', tensor([ 0.074386,  0.647722, -0.515136, -0.044042,  0.124765,  0.161543,
        -0.531203, -0.250380, -0.013887,  0.128248], device='cuda:0')), ('ginlayers.1.bn_node_h.weight', tensor([4.150083, 3.245821, 3.525066, 2.870536, 3.759276, 2.129228, 2.761226,
        4.502575, 3.038746, 3.364699], device='cuda:0')), ('ginlayers.1.bn_node_h.bias', tensor([-0.147627, -0.965859, -0.560483,  1.365431, -0.278583,  0.950667,
         0.372055,  0.600081,  0.745267,  0.920608], device='cuda:0')), ('ginlayers.1.bn_node_h.running_mean', tensor([ 1.400411, -0.446693, -2.348999, -1.424577,  2.187243,  1.855077,
        -0.321342, -0.129309,  0.392428,  0.739041], device='cuda:0')), ('ginlayers.1.bn_node_h.running_var', tensor([1.809362, 1.283061, 1.920801, 3.944160, 1.979566, 2.634063, 2.391101,
        1.023840, 0.948219, 0.554180], device='cuda:0')), ('ginlayers.1.bn_node_h.num_batches_tracked', tensor(247590, device='cuda:0')), ('embedding_h.weight', tensor([[-2.428560e-01, -7.737395e-01, -1.849026e+00,  5.971122e-01,
         -3.369184e-01, -1.309038e+00,  7.419589e-01,  9.775211e-01,
         -8.681656e-01, -4.864921e-01],
        [-5.079013e-01, -1.066894e+00, -1.511806e-01, -3.775802e-01,
          3.724754e-01, -2.282206e-01, -9.315877e-01, -1.099395e+00,
          2.516444e-02, -3.725519e-01],
        [-3.413632e-01, -2.044906e+00, -5.220281e-01,  7.316113e-01,
         -1.746897e+00,  8.122406e-01,  1.013352e+00, -1.042569e-01,
          4.023694e-01,  1.251213e+00],
        [-3.458948e-01, -6.294237e-01, -4.639724e-01,  1.738740e-01,
          6.510355e-02,  2.080871e+00, -2.015734e-01,  2.589517e-01,
          1.257519e+00,  5.920095e-01],
        [ 4.697789e-03, -1.066718e+00, -2.919696e-01,  2.524376e+00,
         -2.299655e-01,  5.419771e-01, -2.216185e+00,  1.502550e+00,
         -9.685705e-01, -1.052065e+00],
        [-9.182617e-04, -6.010539e-01, -4.323693e-01, -3.236893e-01,
         -4.295437e-01,  2.452475e-01, -9.089249e-01, -1.864143e+00,
         -1.876097e-01,  3.040808e-01],
        [ 1.884204e-01, -7.024412e-01, -1.800311e-01,  1.231345e+00,
          8.017323e-01,  3.301724e-01, -1.692821e+00, -2.484448e-01,
         -1.897404e-01, -3.663536e-01],
        [ 1.405827e+00, -7.487628e-01, -7.727900e-01,  1.648204e-01,
          8.696889e-01,  3.250853e-01, -7.744982e-01, -4.652957e-01,
         -8.383867e-01, -9.298195e-01],
        [-1.325313e+00, -1.724520e+00, -8.803858e-01,  3.416343e-01,
         -8.921337e-01,  1.052789e+00,  3.013622e-01, -6.960244e-01,
         -8.024960e-01,  7.002767e-02],
        [ 1.191364e+00, -1.101931e+00, -2.384112e-01,  5.583080e-01,
         -1.981693e+00,  8.497730e-01,  1.661765e-01,  3.015998e-01,
          1.254339e+00, -2.776217e-01],
        [-6.044153e-01, -2.249309e+00,  3.110996e-01,  2.052934e+00,
          1.250747e+00,  6.713434e-02,  9.076713e-01,  5.145730e-01,
          8.978552e-01,  4.869402e-01],
        [-1.355171e+00, -8.722677e-01,  1.225060e-01, -8.854793e-02,
         -1.303915e+00, -8.652184e-01, -1.348462e-01,  1.196450e-01,
         -8.975109e-01,  2.366108e-01],
        [-6.380161e-02,  6.807570e-01,  1.900940e+00, -5.738220e-01,
         -9.333654e-01, -5.023436e-02,  5.273318e-01,  2.419587e-01,
         -8.867092e-01, -9.537377e-01],
        [-3.145764e-01, -5.081171e-01,  4.757622e-01,  1.030850e+00,
          7.816933e-01,  5.870746e-01, -2.176703e+00, -3.035547e-01,
          1.482016e+00,  3.750673e-02],
        [-4.119856e-01, -4.230922e-01, -4.497235e-01, -1.055223e+00,
          1.016891e-01, -2.775664e+00,  2.644557e-01,  9.937957e-02,
         -1.080492e-01,  1.880731e+00],
        [-2.775569e-02,  8.688764e-01,  1.723007e+00,  1.777454e+00,
         -4.389683e-02,  3.433405e-01, -1.786902e+00, -2.086193e+00,
         -5.618788e-01,  1.347373e+00],
        [-8.429113e-01,  3.132295e-01,  3.715921e-01, -3.898747e-01,
         -1.309945e+00, -4.324659e-01, -6.222630e-01,  1.487667e+00,
          1.187115e+00, -3.474637e-02],
        [ 6.454587e-01,  5.642182e-01,  1.396993e+00, -1.316701e+00,
          2.753091e+00,  1.121267e+00,  7.981602e-01,  1.221121e-01,
          1.629618e+00,  1.327105e+00],
        [ 8.426099e-01, -9.217086e-02,  3.551140e-01, -5.860296e-01,
         -1.627139e+00, -2.206542e+00, -7.763747e-01,  1.131597e+00,
          3.495227e-01, -8.869759e-01],
        [-2.760082e-02,  1.043352e+00,  8.644226e-01,  5.590159e-01,
         -8.647393e-01,  9.142825e-01, -3.359628e-01,  7.216615e-01,
         -1.606188e+00,  3.977228e-01],
        [ 1.018896e+00,  1.323303e+00,  1.454733e+00, -9.340193e-01,
         -1.845620e-01, -7.356511e-01, -5.127204e-01, -1.066025e+00,
          1.138578e+00, -1.920847e+00],
        [ 1.087330e+00,  3.352587e-01, -4.042227e-01,  3.805572e-01,
         -2.201609e-02, -8.170208e-01,  5.399776e-01, -6.581450e-02,
         -2.053270e+00,  2.416558e-01],
        [-3.447475e-01,  7.802756e-01, -1.154889e+00,  4.034207e-01,
          1.513248e+00, -1.632545e+00, -1.812835e-01, -1.570524e+00,
          2.942760e-01, -5.994211e-01],
        [ 1.391533e+00, -3.235757e-01,  1.277047e+00, -4.156572e-01,
          5.213268e-01,  1.605754e+00,  1.560161e-01, -9.190629e-01,
         -9.875852e-01, -1.490341e+00],
        [-1.071350e+00, -2.652801e-01, -6.737013e-01,  5.290833e-01,
         -9.769756e-01, -4.915107e-01,  2.268049e-01,  2.176763e-01,
          1.059447e+00, -5.894505e-01],
        [-1.034890e-01,  1.147567e+00,  1.138794e+00,  4.257394e-01,
          7.806621e-02, -1.113875e+00, -5.184668e-01,  1.636995e-01,
         -9.711954e-01,  6.583293e-02],
        [-7.056049e-01,  5.310557e-01,  4.327001e-02, -1.098438e-01,
         -1.959695e+00,  4.338933e-01,  1.327173e+00, -7.022935e-01,
          1.058996e+00, -1.705713e-01],
        [-6.248648e-01, -4.189501e-01,  1.432488e-01, -3.522980e-01,
          1.009807e+00,  1.328520e+00,  1.358735e-01, -5.072805e-01,
         -6.090782e-01, -7.561595e-01],
        [ 1.628595e+00,  7.583855e-01, -1.039356e-01, -2.688680e-01,
          7.164812e-01, -2.052447e+00, -1.397697e-01,  8.008449e-01,
         -7.714953e-01,  1.202340e-01],
        [-1.836387e-01, -1.542060e+00,  5.829199e-01, -4.856024e-02,
         -7.806526e-01, -1.736058e+00,  2.608709e-01, -1.051982e+00,
          1.640840e+00,  1.661984e-01],
        [-1.053875e+00,  4.879291e-01,  1.114757e+00,  4.899035e-01,
         -1.247592e-01,  1.121230e+00,  5.015824e-01,  5.711265e-01,
          5.471207e-03, -7.392161e-01],
        [ 5.731432e-01, -2.441233e+00, -4.202430e-02,  1.154452e+00,
         -1.143208e-01,  1.102326e+00,  5.032036e-01, -2.916500e-01,
          1.359670e-01, -1.347159e+00],
        [ 1.442569e+00,  3.805921e+00,  6.290258e-02,  1.204403e+00,
          2.951540e-01, -8.189109e-01,  6.891816e-01, -1.358713e+00,
         -1.038244e+00, -1.098600e-01],
        [ 5.784693e-01,  1.860148e+00, -4.084269e-01, -1.000135e+00,
          1.760805e+00,  2.209558e-01, -1.204909e+00, -1.650115e+00,
          1.045692e+00, -8.164357e-01],
        [-9.902298e-01,  1.910240e-01,  8.987184e-01,  3.622094e-02,
         -4.161246e-01, -3.017330e-01, -4.354696e-01,  6.253673e-01,
          6.465882e-01,  4.752694e-01],
        [ 2.771676e-02,  6.680433e-03, -7.121907e-01,  1.643784e+00,
         -6.788615e-01, -5.062667e-01,  8.100609e-03, -6.900263e-01,
          1.694671e+00,  4.426816e-01],
        [-9.745206e-01, -1.928863e-01, -6.442084e-01, -1.774059e+00,
          1.315200e+00,  3.068653e-01,  8.014017e-01, -3.623324e-01,
          1.401981e+00,  9.461451e-01],
        [-4.195370e-01, -6.321334e-01,  1.113846e+00,  6.618471e-01,
          9.843305e-01,  2.611437e-01,  2.469035e-01, -1.342324e-01,
         -2.863404e-02, -7.180651e-01],
        [ 1.235913e+00,  1.852161e+00,  4.121960e-01, -4.761031e-01,
         -1.906191e-01, -3.194219e-01, -3.965290e-01, -8.705665e-02,
          2.018935e+00,  1.550622e-01],
        [ 1.666401e+00,  7.795410e-01, -2.111291e-01, -5.750560e-01,
          1.784011e+00,  3.719463e-01, -3.505918e-01, -5.825707e-01,
         -5.271447e-02, -5.232213e-01],
        [-4.309868e-01, -5.569398e-01,  1.604734e-01,  4.444605e-01,
          1.131619e+00, -7.834747e-01,  1.236506e+00, -2.016095e+00,
          7.069468e-01, -2.233105e+00],
        [ 7.940735e-01,  7.072241e-01, -3.994589e-01, -6.592527e-01,
         -9.549861e-02, -2.147067e+00,  6.750216e-01, -7.674860e-01,
         -1.801538e-01,  3.033834e-01],
        [ 2.347194e-01, -4.071849e-01,  2.731500e-01,  2.186192e-03,
          5.234973e-01, -5.442645e-01, -5.683991e-01,  1.252789e-01,
         -2.541935e+00, -6.798684e-02],
        [ 5.394957e-01, -6.022252e-01,  8.016201e-01,  3.139136e-01,
         -8.957995e-02, -7.830977e-01, -4.249750e-01, -8.876700e-01,
          4.968737e-02,  2.017979e-01],
        [-1.447886e-02,  1.469939e-01,  9.274634e-01,  7.910622e-01,
          1.392543e+00,  7.474293e-01,  7.727448e-01, -1.518595e+00,
         -1.172880e-01,  1.581662e+00],
        [-1.161881e+00,  6.466789e-01,  3.077456e-01, -2.862943e-01,
         -5.461674e-02, -3.129556e-01,  1.987793e-01, -2.048601e-01,
         -1.186098e-01,  1.191637e+00],
        [ 1.152004e+00, -1.132442e+00, -3.003775e-01, -9.388548e-01,
         -5.124266e-01, -1.060533e+00, -3.984271e-01,  2.779467e-01,
          2.238765e+00, -3.854749e-02],
        [-1.100409e+00,  2.508286e+00, -6.520255e-01, -9.797765e-01,
          1.828152e+00, -6.306680e-01,  2.450930e+00, -2.084396e+00,
         -5.999300e-01, -2.930273e-01],
        [ 2.113575e+00, -5.890837e-01,  5.487278e-01,  9.093273e-01,
          4.918976e-01,  2.206741e-01,  2.595014e+00,  6.162374e-01,
         -3.174689e-01,  2.368349e+00],
        [-1.600664e+00,  1.094090e-01,  9.240147e-01, -1.897337e+00,
         -3.549564e-01, -1.436810e+00, -1.043341e+00, -4.027829e-01,
          2.740779e-01, -1.559359e+00],
        [-2.130437e-01,  1.139839e-01,  2.060638e-01, -1.007143e+00,
          1.785571e+00, -3.560055e-01,  1.756175e-02,  5.613557e-01,
         -6.012880e-01,  1.982886e-01],
        [-1.198376e+00, -1.035068e+00, -7.810256e-01, -1.197135e+00,
         -2.314996e+00, -1.173368e+00,  1.152691e+00, -2.896376e-01,
          9.425138e-01, -8.060950e-01],
        [ 4.900161e-01, -1.206881e+00,  6.166807e-02, -1.109031e-01,
         -7.133523e-01,  4.184920e-01,  7.576815e-01,  9.828517e-01,
          4.055579e-02,  2.062399e-02],
        [-1.750733e+00,  1.639075e+00, -9.085592e-01,  6.474040e-01,
         -8.688634e-01, -5.753795e-01, -5.193880e-01, -8.122304e-01,
          3.416226e-01,  1.137833e+00],
        [-8.167875e-01,  6.604790e-01,  1.308307e-01,  4.233889e-02,
          6.663861e-01, -5.947428e-01,  5.167073e-02, -6.456681e-01,
          3.620659e-01, -7.674001e-01],
        [ 4.496708e-01,  2.609252e-01, -1.093343e+00, -4.857971e-01,
          6.680996e-02,  5.290470e-01,  1.329195e+00, -2.155660e+00,
         -1.499927e+00, -6.418479e-01],
        [-3.936372e-01,  5.790381e-01, -1.658116e+00, -1.417092e+00,
         -1.062408e-01,  3.074483e-01,  7.913120e-01, -6.195977e-01,
         -1.911124e-02,  1.816827e+00],
        [ 4.524192e-01, -5.735843e-01, -9.996191e-02,  9.393979e-01,
         -3.338787e-01, -5.954215e-01,  8.966038e-02,  1.135110e+00,
         -2.073884e+00,  1.208109e-01],
        [-9.347416e-01,  2.438034e+00, -3.372766e-01,  1.224988e+00,
          6.783906e-02,  9.135615e-01, -1.637006e+00, -1.852160e-01,
         -1.611032e+00,  5.433609e-01],
        [-1.669998e-01,  6.079955e-01, -7.807149e-01,  3.334394e-01,
         -9.743713e-01, -1.120496e+00, -6.580170e-01,  8.732539e-01,
          1.062401e+00,  4.229024e-01],
        [ 8.368071e-01,  3.811751e-01,  2.350384e-02, -5.689322e-01,
         -1.505032e+00, -5.604641e-01, -9.815137e-01,  3.140616e-01,
         -9.815872e-01,  8.983514e-01],
        [ 1.840700e-01,  7.115991e-02, -1.046464e-02, -7.643085e-02,
          7.767199e-01, -5.628556e-01,  5.659608e-01,  4.820023e-01,
         -1.514829e+00,  1.094193e-01],
        [-2.374579e+00, -1.288756e+00,  3.081957e-01, -8.372491e-01,
         -7.694903e-02,  1.831890e+00,  1.635642e+00, -1.966461e-01,
          4.139776e-01,  3.257919e-01],
        [-1.004194e+00, -5.638545e-02, -7.855174e-01,  1.189367e+00,
          3.563761e+00, -8.563545e-01,  1.208871e+00, -4.447188e-01,
         -2.212281e-01, -1.049850e+00],
        [ 7.077007e-02, -2.053102e+00,  4.053443e-01, -1.034046e+00,
         -6.657976e-02,  1.183896e+00, -1.625085e+00,  8.633682e-01,
          1.727220e-01, -9.810566e-01],
        [ 7.860638e-01,  2.373483e-01,  6.123321e-01, -9.764411e-01,
          6.914009e-01,  1.338272e+00, -5.999358e-01,  1.026737e+00,
         -6.350684e-01,  9.333608e-01],
        [ 1.872496e-01, -1.111364e+00,  9.259099e-01,  1.521444e+00,
          1.027670e+00, -5.538277e-01, -4.528056e-01,  6.262088e-01,
          9.120812e-01,  3.868628e-02],
        [-6.509944e-01, -7.860784e-01, -1.204364e-02, -1.389705e+00,
         -8.157315e-01, -6.557372e-01,  6.904553e-01,  1.065008e+00,
          1.597264e+00,  1.473140e+00],
        [-1.819015e+00, -1.055933e+00,  5.585827e-01,  9.618661e-01,
          1.329156e+00,  2.223039e+00, -1.020163e+00, -1.083842e+00,
          6.737548e-01, -1.021375e+00],
        [ 2.660964e-01, -4.527629e-01, -8.946960e-01, -6.110360e-01,
          8.184035e-01, -7.140943e-01,  4.186085e-01,  8.956445e-01,
         -1.007406e+00, -8.061100e-01],
        [-7.910321e-01,  1.004414e-01, -6.706945e-01, -1.277013e+00,
         -9.282361e-01, -5.786215e-01, -8.375118e-01, -2.822604e-01,
          4.472347e-01, -1.769959e+00],
        [ 2.234591e+00, -6.279222e-01,  4.794376e-01, -5.661187e-01,
          6.555462e-01, -3.491474e-01,  7.294403e-02, -1.958362e+00,
         -3.262433e-01, -3.128014e-01],
        [ 2.049940e+00, -7.609694e-01,  5.875638e-02, -1.427221e+00,
         -7.431595e-01,  2.902412e+00,  2.354401e+00,  5.839894e-01,
          1.134082e-01,  1.012548e+00],
        [-3.337200e-01, -5.182264e-01, -7.113850e-01, -1.573498e-01,
          1.744712e+00,  8.341892e-01, -1.106968e+00, -4.014929e-01,
          3.356473e-01, -2.885894e-01],
        [-1.019716e-01, -4.074695e-01,  2.863754e-01,  1.962923e-01,
          3.980460e-01,  1.631985e+00, -9.541069e-02, -7.745100e-01,
         -2.103778e-01, -2.858263e-01],
        [ 1.320698e+00, -3.413487e-01,  2.084334e+00,  1.329237e+00,
          3.112392e-01,  1.964552e+00, -1.049116e+00,  1.306242e+00,
          1.417129e+00, -5.094157e-01],
        [ 6.563231e-01,  4.716091e-01, -1.829759e-01, -4.898941e-01,
         -5.084489e-01, -9.086665e-01, -1.185151e+00,  4.856588e-01,
         -2.936524e-01,  7.757603e-01],
        [-1.178114e+00,  1.442006e+00,  1.063210e+00, -4.456020e-01,
          1.465710e+00, -3.098095e+00,  1.053955e+00, -6.476323e-01,
         -2.867187e+00, -1.076692e+00],
        [ 7.001324e-01, -8.354423e-01, -1.824586e-03, -1.117679e+00,
          1.191542e+00, -1.663736e+00,  1.483287e+00,  5.867218e-01,
         -5.423206e-01,  4.226815e-02],
        [-2.262431e+00,  9.672723e-01, -1.412232e+00, -4.273730e-01,
          5.719073e-01, -1.003565e-01, -7.628481e-01,  1.606869e+00,
         -1.213071e+00, -1.323327e-01],
        [-1.432285e+00,  2.248519e-01,  3.137775e-01, -1.394485e+00,
         -1.803055e+00,  7.250924e-01,  6.025642e-01,  2.652072e-01,
          3.538427e-01,  9.953687e-01],
        [ 9.288126e-01,  1.856907e+00,  1.208869e+00,  7.310364e-02,
          4.226788e-01,  1.917494e+00, -4.909564e-01,  5.636466e-01,
         -8.337569e-01,  4.098799e-01],
        [ 8.906345e-01, -2.528394e-01,  9.919568e-01,  1.070891e+00,
          8.324752e-02,  1.388862e+00, -6.956249e-01,  8.461509e-01,
          2.317973e-01,  5.978295e-01],
        [-1.666307e+00, -6.497736e-01, -1.323408e+00,  1.540440e+00,
          5.126455e-01, -2.113101e-01, -8.798086e-01, -1.195747e+00,
         -3.747997e-02, -4.311070e-01],
        [ 5.207818e-01,  2.902106e-01,  1.254400e+00, -9.782897e-01,
          8.225429e-01, -4.477242e-01, -2.288241e+00,  1.635231e+00,
          2.995824e-01,  1.574605e+00],
        [-1.224751e+00, -9.632043e-01, -4.683703e-01,  8.577906e-01,
         -1.627412e-02, -3.377086e-01,  8.602045e-01,  9.902233e-01,
         -9.197798e-01,  4.519533e-01],
        [ 1.245137e+00,  4.987886e-01,  7.545791e-01,  1.948171e+00,
          2.527622e-01,  1.597118e+00, -3.964930e-01,  1.876325e+00,
          7.462996e-01,  2.590782e+00],
        [ 2.171884e-01,  6.852911e-01, -1.223812e+00, -2.351603e-01,
         -2.447884e-02, -4.186031e-01,  2.914631e-01,  2.071013e-01,
         -2.710473e-01,  2.313379e+00],
        [-3.960536e-01,  1.064685e-01, -4.359960e-01, -6.680021e-01,
         -9.779028e-01, -1.960088e+00,  1.048183e+00, -8.385205e-01,
          8.714831e-01,  8.588637e-01],
        [-1.681584e+00, -7.057462e-01, -8.717630e-02, -1.386544e+00,
          7.931100e-01,  7.893572e-02,  1.748650e+00, -1.763502e+00,
         -1.659386e-01, -8.204883e-01],
        [-9.235818e-01, -2.752442e-01, -1.397226e+00,  1.514286e+00,
          6.894323e-01,  1.172823e+00,  1.045959e+00, -9.668089e-01,
          1.539479e+00,  4.206058e-01],
        [-2.802046e+00, -5.405937e-01,  7.124843e-01, -1.399762e+00,
          1.693246e+00, -1.634361e+00, -1.421376e+00, -1.133986e+00,
          4.533474e-01, -7.153032e-01],
        [ 1.849005e-01,  4.113963e-01,  8.468050e-01,  5.549420e-01,
          1.002524e+00, -1.403505e+00, -1.012827e+00,  1.704238e+00,
          4.672305e-02,  5.925613e-02],
        [ 1.479010e+00, -5.816568e-01,  2.475722e-01,  9.569854e-01,
          8.001437e-01,  4.561547e-01,  1.809698e-01,  9.932567e-01,
          1.106796e-01, -5.651152e-02],
        [-3.298209e-01, -6.205481e-01, -9.273910e-01,  1.162514e+00,
          1.484134e-01, -3.892317e-01,  1.057579e+00,  8.955940e-02,
         -9.275162e-01,  2.773846e-01],
        [-1.806086e-01,  3.169359e-02, -4.000529e-01,  3.118529e+00,
         -8.278717e-01,  4.876120e-01, -1.136596e+00, -2.027813e+00,
          6.236186e-01, -1.147320e+00],
        [-2.519308e+00, -2.255462e-01,  8.027772e-01, -9.126084e-01,
          2.048893e+00, -9.103226e-01,  2.361082e+00,  1.107044e+00,
         -1.362308e+00,  7.763140e-01],
        [-1.487002e+00, -1.616165e+00,  2.325699e-01, -1.841453e-01,
         -7.651011e-01, -1.030701e-01,  4.954244e-01, -5.896615e-01,
         -1.022622e+00,  1.699184e+00],
        [-7.256460e-01, -6.305570e-01, -3.194676e+00,  3.046879e-01,
         -1.862653e+00,  3.926207e-01,  3.360613e-02,  8.301958e-01,
         -1.071760e-01,  1.836392e-01],
        [-1.879485e-01,  5.804467e-01,  4.156540e-02,  8.345680e-01,
         -5.225780e-02,  1.099849e+00,  3.665144e-01,  2.620926e-01,
         -1.211406e+00, -1.198193e+00],
        [-6.358064e-01, -9.038689e-01,  2.071749e+00, -1.140401e+00,
         -3.134390e-01,  1.350505e+00, -2.100154e-01, -4.738843e-01,
          3.883649e-01,  1.409016e+00],
        [ 1.217160e+00, -1.111604e-01,  4.510404e-01, -3.407259e-01,
          2.218043e+00, -1.695091e+00, -1.595150e+00, -5.342846e-01,
         -7.387996e-01,  7.790688e-01],
        [ 1.225522e+00, -1.465030e+00,  8.946083e-01,  2.591154e-01,
          3.965528e-02,  1.449617e-02, -3.059989e-02,  8.008810e-01,
         -1.560265e+00, -1.815749e-02],
        [ 2.120586e-01, -4.825400e-01, -1.013556e+00, -2.071050e-02,
         -6.692281e-02, -5.741147e-01, -1.590124e-01,  8.010060e-01,
         -8.479208e-01,  1.737431e+00],
        [-1.131023e+00, -7.536204e-02, -5.193720e-01,  1.600827e+00,
          3.619202e-01, -3.067862e-01,  1.150899e+00,  9.999087e-02,
         -9.377542e-01, -8.179957e-01],
        [-1.506608e+00,  3.600270e-01,  9.985798e-01, -1.727375e+00,
         -5.165347e-01,  5.412632e-01, -8.016117e-01, -1.381076e-01,
         -9.031017e-01,  5.192214e-01],
        [ 1.325770e-02, -1.421332e+00,  4.890683e-01, -8.346902e-01,
         -2.523805e+00,  3.073753e-01,  1.956055e+00, -1.282314e+00,
         -1.514636e+00,  6.843164e-01],
        [ 1.519792e+00,  1.230580e+00,  5.690592e-01, -6.048902e-01,
         -1.108161e-01,  1.238215e+00, -3.835351e-01, -1.057009e-01,
          8.729330e-01, -6.395252e-01],
        [-4.447375e-01, -1.015217e+00, -2.001909e+00,  4.533587e-01,
          1.325920e+00, -3.061793e-01,  2.394943e+00, -7.848179e-01,
          2.281999e+00, -1.040815e+00]], device='cuda:0')), ('linears_prediction_reg.0.weight', tensor([[-3.030140, -3.736907, -3.659826,  1.725409,  1.855186,  1.188462,
          1.805665, -2.947977,  1.733733,  1.059015]], device='cuda:0')), ('linears_prediction_reg.0.bias', tensor([1.420250], device='cuda:0')), ('linears_prediction_class.0.weight', tensor([[ 0.031790,  0.274119, -0.207889,  0.068367, -0.220865, -0.042639,
          0.121899,  0.047384, -0.100897, -0.310950],
        [-0.011215,  0.164133, -0.204764,  0.016612, -0.161782, -0.051210,
          0.181118,  0.013009, -0.066455, -0.317116]], device='cuda:0')), ('linears_prediction_class.0.bias', tensor([-0.700323,  0.941523], device='cuda:0'))])