OrderedDict([('ginlayers.0.eps', tensor([-0.408570], device='cuda:0')), ('ginlayers.0.apply_func.mlp.linear.weight', tensor([[ 4.570110e-02, -2.253559e-01, -1.150514e-01, -2.104325e-01,
         -1.327796e-01, -2.258056e-01,  4.327379e-01,  3.275916e-01,
          5.597741e-02, -6.531221e-01],
        [ 5.837243e-02, -1.113419e-01, -1.929903e-03,  1.665572e-01,
          1.436755e-02,  9.139736e-03,  5.529364e-01,  5.302336e-01,
          2.353436e-01, -5.197417e-01],
        [ 2.264283e-01, -2.242718e-03, -6.032581e-02,  2.926855e-02,
          2.673432e-01, -1.674440e-01, -4.055613e-01, -2.571827e-01,
         -5.201050e-03,  1.840732e-01],
        [-1.924188e-01,  2.956817e-01, -7.187176e-02, -5.896114e-01,
          4.751315e-03, -1.805639e-01,  3.920588e-02,  3.500121e-02,
         -8.193611e-02, -3.494622e-01],
        [-1.620488e-01,  3.500316e-01, -9.553598e-02, -2.383822e-01,
         -1.828110e-01,  3.395683e-01, -1.291739e-01,  1.496197e-01,
          9.581676e-02,  3.824588e-01],
        [ 2.374132e-02, -3.573009e-01,  3.983656e-01,  2.383071e-01,
          1.253054e-01, -1.842319e-01,  5.207134e-01,  5.851783e-01,
         -5.555712e-04,  2.393533e-01],
        [ 2.402781e-01,  1.515771e-01,  1.477252e-01,  2.454288e-01,
         -1.055831e-02,  6.180350e-02, -2.788268e-02,  2.307960e-01,
         -3.670094e-02,  4.135708e-01],
        [ 9.253487e-02, -1.015516e-01, -4.876164e-01, -9.051839e-02,
          2.600323e-01,  2.098929e-01,  1.845312e-02, -2.105294e-01,
         -3.456137e-01, -1.277840e-01],
        [ 6.702303e-04,  2.879874e-01,  1.006299e-01, -2.399395e-01,
         -2.038741e-01,  2.921073e-01,  2.134203e-01, -4.969938e-01,
          1.843296e-01,  2.898685e-01],
        [ 1.308925e-01, -4.401496e-01, -4.146179e-01, -3.967138e-02,
         -1.491726e-01,  1.160303e-01,  3.683212e-01,  3.821562e-01,
          2.220862e-01,  9.687357e-02]], device='cuda:0')), ('ginlayers.0.apply_func.mlp.linear.bias', tensor([ 0.090911,  0.305697, -0.113617, -0.093543,  0.090733,  0.199090,
        -0.055200, -0.062511, -0.272739, -0.173525], device='cuda:0')), ('ginlayers.0.bn_node_h.weight', tensor([0.950683, 1.014325, 0.908547, 1.127249, 1.293957, 1.011165, 0.889179,
        0.875504, 1.007449, 0.974476], device='cuda:0')), ('ginlayers.0.bn_node_h.bias', tensor([-0.165378, -0.296974,  0.361567,  0.255379, -0.477834,  0.440339,
         0.480420, -0.620797, -0.073083,  0.794918], device='cuda:0')), ('ginlayers.0.bn_node_h.running_mean', tensor([ 2.702566,  2.913744, -1.350618, -1.471798, -0.759771,  1.632214,
        -0.011048, -0.285933, -1.630116,  3.461767], device='cuda:0')), ('ginlayers.0.bn_node_h.running_var', tensor([1.581617, 1.348617, 0.460036, 2.181432, 0.418862, 0.867211, 0.211942,
        0.501009, 2.453343, 2.964021], device='cuda:0')), ('ginlayers.0.bn_node_h.num_batches_tracked', tensor(59444, device='cuda:0')), ('ginlayers.1.eps', tensor([-0.300808], device='cuda:0')), ('ginlayers.1.apply_func.mlp.linear.weight', tensor([[-0.448229,  0.233384, -0.009065,  0.229208, -0.055006, -0.128556,
          0.206331,  0.278437,  0.182408,  0.187552],
        [ 0.154826, -0.021886, -0.374631, -0.559827,  0.095292, -0.219916,
          0.199830, -0.230849,  0.178096, -0.359166],
        [-0.258327, -0.192811, -0.301087, -0.605816, -0.040212, -0.083282,
          0.335213,  0.218415, -0.057256, -0.121971],
        [ 0.363029, -0.422293, -0.016183,  0.022404,  0.254500, -0.027025,
         -0.045501, -0.322274, -0.230723,  0.117747],
        [ 0.022866,  0.049790,  0.123976, -0.173910, -0.051362, -0.541801,
         -0.072977,  0.423011,  0.113275,  0.309356],
        [ 0.230508, -0.017126,  0.100216, -0.077997, -0.162119, -0.378714,
         -0.094815,  0.021014, -0.458091,  0.124514],
        [-0.030594, -0.419856,  0.008950,  0.454811, -0.257902,  0.086636,
          0.094856, -0.150686, -0.079675,  0.162851],
        [-0.123916,  0.176386, -0.358582,  0.054817, -0.296534,  0.510421,
         -0.250941, -0.021880, -0.112845, -0.310185],
        [-0.060015,  0.032125,  0.017041, -0.333130, -0.270308, -0.271764,
          0.192195, -0.098344, -0.248605,  0.492675],
        [ 0.320494, -0.057740,  0.240893, -0.208600,  0.198999,  0.073852,
         -0.424367,  0.093972,  0.167555,  0.304497]], device='cuda:0')), ('ginlayers.1.apply_func.mlp.linear.bias', tensor([-0.051128,  0.176801, -0.197809,  0.079687, -0.256920, -0.188933,
        -0.240380,  0.053683,  0.127018,  0.000480], device='cuda:0')), ('ginlayers.1.bn_node_h.weight', tensor([0.903796, 1.503778, 1.370119, 2.026760, 1.501790, 1.462772, 1.635460,
        1.581459, 1.784764, 1.361292], device='cuda:0')), ('ginlayers.1.bn_node_h.bias', tensor([-0.459869,  0.049142,  0.339167, -0.104325, -0.296534,  0.260154,
         0.286750, -0.708766,  0.642593,  0.338540], device='cuda:0')), ('ginlayers.1.bn_node_h.running_mean', tensor([ 0.589160, -1.725704, -1.145188,  0.243403, -0.221682, -0.993938,
         2.515908, -0.059320,  0.016144,  0.157500], device='cuda:0')), ('ginlayers.1.bn_node_h.running_var', tensor([0.303414, 2.060377, 1.547151, 0.046336, 0.735663, 1.321383, 1.698606,
        0.889076, 1.578696, 0.411591], device='cuda:0')), ('ginlayers.1.bn_node_h.num_batches_tracked', tensor(59444, device='cuda:0')), ('embedding_h.weight', tensor([[ 2.109087e-01, -7.789773e-01, -1.440617e+00, -8.643595e-02,
          2.753324e-01, -1.560326e+00,  4.563349e-01,  1.676815e+00,
         -6.963975e-01, -5.409179e-01],
        [-6.700451e-01, -7.008688e-01, -6.935949e-01, -1.476945e+00,
         -3.199511e-01, -9.398055e-01, -4.701892e-01, -1.125115e+00,
          2.401026e-01, -9.590222e-01],
        [-9.130245e-01, -1.080024e+00,  1.784856e-01,  5.424291e-01,
         -8.705275e-01,  8.101747e-01,  1.890744e+00, -1.962803e-01,
          9.174797e-02,  3.950252e-01],
        [-1.673252e-01,  8.069034e-01, -1.099904e-01, -4.103307e-01,
         -5.774945e-01,  2.333302e+00,  1.448212e+00, -1.045119e+00,
          1.486670e+00,  9.226052e-02],
        [-5.709713e-01, -1.326405e+00,  2.402450e-01,  4.461677e-01,
         -9.749836e-02,  5.635913e-01, -1.865386e+00,  8.242463e-01,
         -9.380762e-01, -1.813784e+00],
        [-8.755284e-02, -4.661845e-01, -9.999930e-02, -8.102817e-01,
         -7.958307e-01,  2.938347e-01, -7.051002e-01, -6.979120e-01,
         -6.614313e-02, -5.662689e-01],
        [ 9.674452e-01,  2.471609e-01,  1.142357e+00,  3.911957e-01,
         -3.668300e-01,  2.691832e-01, -6.931757e-01, -3.582324e-01,
          1.060258e+00, -1.026985e+00],
        [ 1.793632e-02,  4.008155e-01,  6.389128e-02,  8.331171e-01,
          9.275997e-01, -3.890918e-01,  2.180239e+00,  5.296960e-01,
         -1.835082e+00, -1.406876e+00],
        [-7.796581e-01, -1.944025e+00, -5.899810e-01,  1.589161e+00,
         -1.458295e+00,  1.013367e+00,  1.088650e+00, -6.306347e-01,
         -4.126753e-01,  1.697797e-01],
        [ 9.881648e-01, -1.230113e+00, -2.969899e-01,  7.147235e-01,
         -2.010550e+00,  8.748642e-01,  2.594732e-01,  2.051399e-01,
          9.736360e-01, -2.145700e-01],
        [-6.442466e-01, -1.657023e+00,  6.946946e-01,  1.456527e+00,
          2.027816e+00, -1.124297e+00,  1.073336e+00,  9.625024e-01,
          9.753458e-01, -1.617892e-01],
        [-2.597740e-01, -6.355187e-01,  1.301823e-01, -8.001200e-02,
         -1.131835e+00, -9.374570e-01,  9.885948e-01,  1.284096e+00,
          2.249922e-01,  1.275060e+00],
        [ 7.487867e-01, -3.353297e-01,  2.286995e+00,  1.917737e-01,
         -1.640466e+00, -2.088739e-02,  1.252569e+00,  1.941439e-01,
         -7.972760e-01, -5.889493e-01],
        [-1.734054e-01, -6.688318e-01,  1.336730e+00,  8.315032e-01,
          6.984408e-01,  4.508249e-02, -1.527441e+00, -2.798723e-01,
          1.305984e+00, -2.181996e-01],
        [-4.119856e-01, -4.230922e-01, -4.497235e-01, -1.055223e+00,
          1.016891e-01, -2.775664e+00,  2.644557e-01,  9.937957e-02,
         -1.080492e-01,  1.880731e+00],
        [ 1.148939e-01,  5.862946e-01,  2.076561e+00,  1.902623e+00,
         -4.474321e-01, -7.519059e-01, -1.193220e+00, -1.452504e+00,
         -2.417887e-01,  1.530376e+00],
        [-8.085361e-01, -3.866644e-01,  5.588784e-01,  1.518896e+00,
         -1.006568e+00,  2.053847e-01,  8.259544e-01,  6.466935e-01,
          2.947154e-01, -4.477233e-01],
        [ 3.254488e-01,  5.018532e-01,  1.666566e+00,  2.690791e-01,
          2.231173e+00,  1.394851e+00,  7.134839e-01, -3.089429e-01,
          1.248597e+00,  1.052056e+00],
        [ 8.426099e-01, -9.217086e-02,  3.551140e-01, -5.860296e-01,
         -1.627139e+00, -2.206542e+00, -7.763747e-01,  1.131597e+00,
          3.495227e-01, -8.869759e-01],
        [-2.760082e-02,  1.043352e+00,  8.644226e-01,  5.590159e-01,
         -8.647393e-01,  9.142825e-01, -3.359628e-01,  7.216615e-01,
         -1.606188e+00,  3.977228e-01],
        [ 1.772111e+00,  1.152290e+00,  8.477857e-01, -8.852905e-01,
         -1.584399e-01,  1.559333e-01, -1.371047e+00, -4.570465e-01,
          8.357651e-01, -4.149882e-01],
        [ 5.548865e-01,  3.627335e-01, -1.209537e-01,  1.163984e+00,
         -5.121407e-01, -6.086445e-01,  9.755249e-01,  4.509531e-02,
         -2.163825e+00,  4.498418e-02],
        [-6.510632e-01,  1.014517e+00, -3.035728e-01,  1.425690e+00,
          8.234296e-01, -1.460288e+00,  3.077186e-01, -1.200465e+00,
          1.297904e+00, -7.512927e-01],
        [ 1.391533e+00, -3.235757e-01,  1.277047e+00, -4.156572e-01,
          5.213268e-01,  1.605754e+00,  1.560161e-01, -9.190629e-01,
         -9.875852e-01, -1.490341e+00],
        [-1.594712e+00, -4.641500e-01, -1.266649e+00,  1.511756e+00,
         -1.775899e-01,  2.830220e-01,  3.183605e-01, -6.663541e-02,
          2.635938e-01, -4.753708e-01],
        [-2.109385e-01,  6.448764e-01,  8.713453e-01,  1.048828e+00,
         -5.709269e-01, -1.140983e+00,  3.320100e-01, -5.828823e-01,
         -9.086193e-01,  1.127857e+00],
        [-7.802225e-01,  6.676596e-01, -2.860791e-01,  2.817363e-01,
         -3.593037e-01,  1.447008e+00,  9.316499e-01, -1.191419e+00,
          1.183999e+00,  8.563562e-02],
        [ 5.406387e-01, -6.404174e-01,  1.121315e+00, -1.860529e+00,
         -6.698744e-01,  5.440458e-01,  3.971558e-01,  9.342470e-01,
          7.922837e-01, -2.863716e-01],
        [ 1.670410e+00,  5.994211e-01,  2.307586e-01,  3.254645e-01,
          4.203338e-01, -2.105753e+00,  6.943016e-01,  7.907777e-01,
         -8.057363e-01,  4.230207e-01],
        [-1.836387e-01, -1.542060e+00,  5.829199e-01, -4.856024e-02,
         -7.806526e-01, -1.736058e+00,  2.608709e-01, -1.051982e+00,
          1.640840e+00,  1.661984e-01],
        [-1.053875e+00,  4.879291e-01,  1.114757e+00,  4.899035e-01,
         -1.247592e-01,  1.121230e+00,  5.015824e-01,  5.711265e-01,
          5.471207e-03, -7.392161e-01],
        [ 5.969137e-01, -1.900645e+00,  2.873847e-02,  2.251125e-01,
         -1.230503e-01,  9.890285e-01,  1.117376e-01,  2.458293e-01,
          1.912027e+00, -1.298453e+00],
        [ 1.442569e+00,  3.805921e+00,  6.290258e-02,  1.204403e+00,
          2.951540e-01, -8.189109e-01,  6.891816e-01, -1.358713e+00,
         -1.038244e+00, -1.098600e-01],
        [ 1.723393e+00,  9.721923e-01,  7.461926e-01,  5.482586e-01,
          6.858556e-01, -2.183198e-01, -1.451322e+00, -1.405778e+00,
          1.189205e+00, -9.944715e-02],
        [-1.256856e-01, -2.650496e-01,  4.013279e-01,  3.088315e-01,
         -5.833943e-02, -9.655976e-01, -1.086529e+00,  2.932169e-01,
          1.148849e+00,  6.529999e-01],
        [-4.605611e-02, -1.149716e+00,  9.929826e-01,  1.430839e+00,
          1.685512e-01, -1.072978e+00,  1.701292e+00,  6.607103e-02,
          7.043825e-01, -5.930932e-01],
        [-1.160161e+00, -8.214711e-01, -1.254075e-01, -1.131249e-01,
          1.866921e-01,  4.931930e-02,  1.449037e+00, -4.659341e-01,
          1.209409e+00,  1.114485e+00],
        [ 9.963691e-02, -8.822173e-01,  1.090217e+00,  1.611802e+00,
         -3.284186e-01, -7.172777e-02,  5.608360e-01, -5.282564e-01,
          3.411905e-01,  1.987344e-01],
        [ 1.095379e+00,  1.094166e+00,  5.653812e-01,  7.595941e-01,
         -5.090790e-01, -2.534017e-01,  2.309273e-02, -3.225481e-01,
          2.078600e+00,  3.376930e-01],
        [ 1.666401e+00,  7.795410e-01, -2.111291e-01, -5.750560e-01,
          1.784011e+00,  3.719463e-01, -3.505918e-01, -5.825707e-01,
         -5.271447e-02, -5.232213e-01],
        [-4.309868e-01, -5.569398e-01,  1.604734e-01,  4.444605e-01,
          1.131619e+00, -7.834747e-01,  1.236506e+00, -2.016095e+00,
          7.069468e-01, -2.233105e+00],
        [ 7.940735e-01,  7.072241e-01, -3.994589e-01, -6.592527e-01,
         -9.549861e-02, -2.147067e+00,  6.750216e-01, -7.674860e-01,
         -1.801538e-01,  3.033834e-01],
        [ 2.347194e-01, -4.071849e-01,  2.731500e-01,  2.186192e-03,
          5.234973e-01, -5.442645e-01, -5.683991e-01,  1.252789e-01,
         -2.541935e+00, -6.798684e-02],
        [-5.641683e-01,  1.282566e-01,  3.253047e-01,  1.120263e+00,
         -7.935945e-01, -2.720681e-01,  1.484187e-01, -9.796640e-01,
          3.209229e-01, -3.608288e-01],
        [-4.884751e-01,  5.586997e-01,  1.133821e+00,  4.616765e-01,
          1.463755e+00,  5.373643e-01,  8.516559e-01, -1.410117e+00,
          4.540262e-01,  5.187070e-01],
        [-1.161881e+00,  6.466789e-01,  3.077456e-01, -2.862943e-01,
         -5.461674e-02, -3.129556e-01,  1.987793e-01, -2.048601e-01,
         -1.186098e-01,  1.191637e+00],
        [ 6.735244e-01, -1.095090e+00, -1.178121e-01,  2.267892e-01,
         -7.865214e-01, -3.162785e-01, -6.673486e-01, -4.904151e-01,
          1.509768e+00,  2.270691e-01],
        [-9.757973e-01,  1.363504e+00,  2.209591e-01,  5.050278e-01,
          9.614314e-01, -1.333271e+00,  2.583801e+00, -1.706803e+00,
         -1.182386e+00,  3.208804e-01],
        [ 2.113575e+00, -5.890837e-01,  5.487278e-01,  9.093273e-01,
          4.918976e-01,  2.206741e-01,  2.595014e+00,  6.162374e-01,
         -3.174689e-01,  2.368349e+00],
        [-1.691050e+00, -8.994933e-01,  8.133936e-01, -1.320458e-01,
         -4.958554e-01, -7.723328e-01,  6.643515e-01, -4.877330e-01,
         -9.494281e-01, -1.395844e+00],
        [-2.775123e-01, -1.709336e-01,  5.676386e-01,  7.303294e-01,
          2.351120e-01, -4.275696e-01,  4.123925e-01,  6.062472e-01,
         -3.098762e-01,  1.409336e-02],
        [-1.198376e+00, -1.035068e+00, -7.810256e-01, -1.197135e+00,
         -2.314996e+00, -1.173368e+00,  1.152691e+00, -2.896376e-01,
          9.425138e-01, -8.060950e-01],
        [ 4.900161e-01, -1.206881e+00,  6.166807e-02, -1.109031e-01,
         -7.133523e-01,  4.184920e-01,  7.576815e-01,  9.828517e-01,
          4.055579e-02,  2.062399e-02],
        [-1.750733e+00,  1.639075e+00, -9.085592e-01,  6.474040e-01,
         -8.688634e-01, -5.753795e-01, -5.193880e-01, -8.122304e-01,
          3.416226e-01,  1.137833e+00],
        [-8.167875e-01,  6.604790e-01,  1.308307e-01,  4.233889e-02,
          6.663861e-01, -5.947428e-01,  5.167073e-02, -6.456681e-01,
          3.620659e-01, -7.674001e-01],
        [ 4.496708e-01,  2.609252e-01, -1.093343e+00, -4.857971e-01,
          6.680996e-02,  5.290470e-01,  1.329195e+00, -2.155660e+00,
         -1.499927e+00, -6.418479e-01],
        [-3.936372e-01,  5.790381e-01, -1.658116e+00, -1.417092e+00,
         -1.062408e-01,  3.074483e-01,  7.913120e-01, -6.195977e-01,
         -1.911124e-02,  1.816827e+00],
        [ 4.524192e-01, -5.735843e-01, -9.996191e-02,  9.393979e-01,
         -3.338787e-01, -5.954215e-01,  8.966038e-02,  1.135110e+00,
         -2.073884e+00,  1.208109e-01],
        [-9.347416e-01,  2.438034e+00, -3.372766e-01,  1.224988e+00,
          6.783906e-02,  9.135615e-01, -1.637006e+00, -1.852160e-01,
         -1.611032e+00,  5.433609e-01],
        [-1.669998e-01,  6.079955e-01, -7.807149e-01,  3.334394e-01,
         -9.743713e-01, -1.120496e+00, -6.580170e-01,  8.732539e-01,
          1.062401e+00,  4.229024e-01],
        [ 7.810867e-01,  8.447579e-01,  3.063547e-01,  8.984247e-01,
         -1.535528e+00,  5.736002e-01, -1.097668e+00, -1.822347e-01,
         -6.275240e-01,  1.281016e+00],
        [ 1.840700e-01,  7.115991e-02, -1.046464e-02, -7.643085e-02,
          7.767199e-01, -5.628556e-01,  5.659608e-01,  4.820023e-01,
         -1.514829e+00,  1.094193e-01],
        [-2.374579e+00, -1.288756e+00,  3.081957e-01, -8.372491e-01,
         -7.694903e-02,  1.831890e+00,  1.635642e+00, -1.966461e-01,
          4.139776e-01,  3.257919e-01],
        [-1.004194e+00, -5.638545e-02, -7.855174e-01,  1.189367e+00,
          3.563761e+00, -8.563545e-01,  1.208871e+00, -4.447188e-01,
         -2.212281e-01, -1.049850e+00],
        [ 7.077007e-02, -2.053102e+00,  4.053443e-01, -1.034046e+00,
         -6.657976e-02,  1.183896e+00, -1.625085e+00,  8.633682e-01,
          1.727220e-01, -9.810566e-01],
        [ 7.860638e-01,  2.373483e-01,  6.123321e-01, -9.764411e-01,
          6.914009e-01,  1.338272e+00, -5.999358e-01,  1.026737e+00,
         -6.350684e-01,  9.333608e-01],
        [ 1.872496e-01, -1.111364e+00,  9.259099e-01,  1.521444e+00,
          1.027670e+00, -5.538277e-01, -4.528056e-01,  6.262088e-01,
          9.120812e-01,  3.868628e-02],
        [-6.509944e-01, -7.860784e-01, -1.204364e-02, -1.389705e+00,
         -8.157315e-01, -6.557372e-01,  6.904553e-01,  1.065008e+00,
          1.597264e+00,  1.473140e+00],
        [-1.819015e+00, -1.055933e+00,  5.585827e-01,  9.618661e-01,
          1.329156e+00,  2.223039e+00, -1.020163e+00, -1.083842e+00,
          6.737548e-01, -1.021375e+00],
        [ 2.660964e-01, -4.527629e-01, -8.946960e-01, -6.110360e-01,
          8.184035e-01, -7.140943e-01,  4.186085e-01,  8.956445e-01,
         -1.007406e+00, -8.061100e-01],
        [-7.910321e-01,  1.004414e-01, -6.706945e-01, -1.277013e+00,
         -9.282361e-01, -5.786215e-01, -8.375118e-01, -2.822604e-01,
          4.472347e-01, -1.769959e+00],
        [ 2.234591e+00, -6.279222e-01,  4.794376e-01, -5.661187e-01,
          6.555462e-01, -3.491474e-01,  7.294403e-02, -1.958362e+00,
         -3.262433e-01, -3.128014e-01],
        [ 2.049940e+00, -7.609694e-01,  5.875638e-02, -1.427221e+00,
         -7.431595e-01,  2.902412e+00,  2.354401e+00,  5.839894e-01,
          1.134082e-01,  1.012548e+00],
        [-3.337200e-01, -5.182264e-01, -7.113850e-01, -1.573498e-01,
          1.744712e+00,  8.341892e-01, -1.106968e+00, -4.014929e-01,
          3.356473e-01, -2.885894e-01],
        [-1.019716e-01, -4.074695e-01,  2.863754e-01,  1.962923e-01,
          3.980460e-01,  1.631985e+00, -9.541069e-02, -7.745100e-01,
         -2.103778e-01, -2.858263e-01],
        [ 1.320698e+00, -3.413487e-01,  2.084334e+00,  1.329237e+00,
          3.112392e-01,  1.964552e+00, -1.049116e+00,  1.306242e+00,
          1.417129e+00, -5.094157e-01],
        [ 6.563231e-01,  4.716091e-01, -1.829759e-01, -4.898941e-01,
         -5.084489e-01, -9.086665e-01, -1.185151e+00,  4.856588e-01,
         -2.936524e-01,  7.757603e-01],
        [-1.178114e+00,  1.442006e+00,  1.063210e+00, -4.456020e-01,
          1.465710e+00, -3.098095e+00,  1.053955e+00, -6.476323e-01,
         -2.867187e+00, -1.076692e+00],
        [ 7.001324e-01, -8.354423e-01, -1.824586e-03, -1.117679e+00,
          1.191542e+00, -1.663736e+00,  1.483287e+00,  5.867218e-01,
         -5.423206e-01,  4.226815e-02],
        [-2.262431e+00,  9.672723e-01, -1.412232e+00, -4.273730e-01,
          5.719073e-01, -1.003565e-01, -7.628481e-01,  1.606869e+00,
         -1.213071e+00, -1.323327e-01],
        [-1.432285e+00,  2.248519e-01,  3.137775e-01, -1.394485e+00,
         -1.803055e+00,  7.250924e-01,  6.025642e-01,  2.652072e-01,
          3.538427e-01,  9.953687e-01],
        [ 9.288126e-01,  1.856907e+00,  1.208869e+00,  7.310364e-02,
          4.226788e-01,  1.917494e+00, -4.909564e-01,  5.636466e-01,
         -8.337569e-01,  4.098799e-01],
        [ 8.906345e-01, -2.528394e-01,  9.919568e-01,  1.070891e+00,
          8.324752e-02,  1.388862e+00, -6.956249e-01,  8.461509e-01,
          2.317973e-01,  5.978295e-01],
        [-1.666307e+00, -6.497736e-01, -1.323408e+00,  1.540440e+00,
          5.126455e-01, -2.113101e-01, -8.798086e-01, -1.195747e+00,
         -3.747997e-02, -4.311070e-01],
        [ 5.207818e-01,  2.902106e-01,  1.254400e+00, -9.782897e-01,
          8.225429e-01, -4.477242e-01, -2.288241e+00,  1.635231e+00,
          2.995824e-01,  1.574605e+00],
        [-1.224751e+00, -9.632043e-01, -4.683703e-01,  8.577906e-01,
         -1.627412e-02, -3.377086e-01,  8.602045e-01,  9.902233e-01,
         -9.197798e-01,  4.519533e-01],
        [ 1.245137e+00,  4.987886e-01,  7.545791e-01,  1.948171e+00,
          2.527622e-01,  1.597118e+00, -3.964930e-01,  1.876325e+00,
          7.462996e-01,  2.590782e+00],
        [ 2.171884e-01,  6.852911e-01, -1.223812e+00, -2.351603e-01,
         -2.447884e-02, -4.186031e-01,  2.914631e-01,  2.071013e-01,
         -2.710473e-01,  2.313379e+00],
        [-3.960536e-01,  1.064685e-01, -4.359960e-01, -6.680021e-01,
         -9.779028e-01, -1.960088e+00,  1.048183e+00, -8.385205e-01,
          8.714831e-01,  8.588637e-01],
        [-1.681584e+00, -7.057462e-01, -8.717630e-02, -1.386544e+00,
          7.931100e-01,  7.893572e-02,  1.748650e+00, -1.763502e+00,
         -1.659386e-01, -8.204883e-01],
        [-9.235818e-01, -2.752442e-01, -1.397226e+00,  1.514286e+00,
          6.894323e-01,  1.172823e+00,  1.045959e+00, -9.668089e-01,
          1.539479e+00,  4.206058e-01],
        [-2.802046e+00, -5.405937e-01,  7.124843e-01, -1.399762e+00,
          1.693246e+00, -1.634361e+00, -1.421376e+00, -1.133986e+00,
          4.533474e-01, -7.153032e-01],
        [ 1.849005e-01,  4.113963e-01,  8.468050e-01,  5.549420e-01,
          1.002524e+00, -1.403505e+00, -1.012827e+00,  1.704238e+00,
          4.672305e-02,  5.925613e-02],
        [ 1.479010e+00, -5.816568e-01,  2.475722e-01,  9.569854e-01,
          8.001437e-01,  4.561547e-01,  1.809698e-01,  9.932567e-01,
          1.106796e-01, -5.651152e-02],
        [-3.298209e-01, -6.205481e-01, -9.273910e-01,  1.162514e+00,
          1.484134e-01, -3.892317e-01,  1.057579e+00,  8.955940e-02,
         -9.275162e-01,  2.773846e-01],
        [-1.806086e-01,  3.169359e-02, -4.000529e-01,  3.118529e+00,
         -8.278717e-01,  4.876120e-01, -1.136596e+00, -2.027813e+00,
          6.236186e-01, -1.147320e+00],
        [-2.519308e+00, -2.255462e-01,  8.027772e-01, -9.126084e-01,
          2.048893e+00, -9.103226e-01,  2.361082e+00,  1.107044e+00,
         -1.362308e+00,  7.763140e-01],
        [-1.487002e+00, -1.616165e+00,  2.325699e-01, -1.841453e-01,
         -7.651011e-01, -1.030701e-01,  4.954244e-01, -5.896615e-01,
         -1.022622e+00,  1.699184e+00],
        [-7.256460e-01, -6.305570e-01, -3.194676e+00,  3.046879e-01,
         -1.862653e+00,  3.926207e-01,  3.360613e-02,  8.301958e-01,
         -1.071760e-01,  1.836392e-01],
        [-1.879485e-01,  5.804467e-01,  4.156540e-02,  8.345680e-01,
         -5.225780e-02,  1.099849e+00,  3.665144e-01,  2.620926e-01,
         -1.211406e+00, -1.198193e+00],
        [-6.358064e-01, -9.038689e-01,  2.071749e+00, -1.140401e+00,
         -3.134390e-01,  1.350505e+00, -2.100154e-01, -4.738843e-01,
          3.883649e-01,  1.409016e+00],
        [ 1.217160e+00, -1.111604e-01,  4.510404e-01, -3.407259e-01,
          2.218043e+00, -1.695091e+00, -1.595150e+00, -5.342846e-01,
         -7.387996e-01,  7.790688e-01],
        [ 1.225522e+00, -1.465030e+00,  8.946083e-01,  2.591154e-01,
          3.965528e-02,  1.449617e-02, -3.059989e-02,  8.008810e-01,
         -1.560265e+00, -1.815749e-02],
        [ 2.120586e-01, -4.825400e-01, -1.013556e+00, -2.071050e-02,
         -6.692281e-02, -5.741147e-01, -1.590124e-01,  8.010060e-01,
         -8.479208e-01,  1.737431e+00],
        [-1.131023e+00, -7.536204e-02, -5.193720e-01,  1.600827e+00,
          3.619202e-01, -3.067862e-01,  1.150899e+00,  9.999087e-02,
         -9.377542e-01, -8.179957e-01],
        [-1.506608e+00,  3.600270e-01,  9.985798e-01, -1.727375e+00,
         -5.165347e-01,  5.412632e-01, -8.016117e-01, -1.381076e-01,
         -9.031017e-01,  5.192214e-01],
        [ 1.325770e-02, -1.421332e+00,  4.890683e-01, -8.346902e-01,
         -2.523805e+00,  3.073753e-01,  1.956055e+00, -1.282314e+00,
         -1.514636e+00,  6.843164e-01],
        [ 1.519792e+00,  1.230580e+00,  5.690592e-01, -6.048902e-01,
         -1.108161e-01,  1.238215e+00, -3.835351e-01, -1.057009e-01,
          8.729330e-01, -6.395252e-01],
        [-4.447375e-01, -1.015217e+00, -2.001909e+00,  4.533587e-01,
          1.325920e+00, -3.061793e-01,  2.394943e+00, -7.848179e-01,
          2.281999e+00, -1.040815e+00]], device='cuda:0')), ('linears_prediction_reg.0.weight', tensor([[ 0.090735, -0.731068, -0.289156,  0.801481, -0.638108,  0.431307,
          0.452757, -0.539601,  0.109278,  0.308784]], device='cuda:0')), ('linears_prediction_reg.0.bias', tensor([-0.754058], device='cuda:0')), ('linears_prediction_class.0.weight', tensor([[-0.149154,  0.279621, -0.244349, -0.012601, -0.082860, -0.008767,
          0.162721,  0.117611,  0.008723, -0.343018],
        [ 0.169710,  0.158631, -0.168319,  0.097553, -0.299831, -0.085111,
          0.140259, -0.057243, -0.176101, -0.285076]], device='cuda:0')), ('linears_prediction_class.0.bias', tensor([-0.545198,  0.786374], device='cuda:0'))])