OrderedDict([('ginlayers.0.eps', tensor([-0.479195], device='cuda:0')), ('ginlayers.0.apply_func.mlp.linear.weight', tensor([[-0.148423, -0.173030, -0.280853, -0.316373,  0.116898, -0.307434,
          0.047411,  0.110662,  0.482391, -0.082002],
        [ 0.059927, -0.137142,  0.204951,  0.372573, -0.095985,  0.029320,
          0.212118,  0.426521,  0.214232, -0.225033],
        [ 0.067374, -0.123260,  0.287507, -0.008645,  0.023474, -0.385965,
         -0.028458, -0.091166, -0.029451, -0.028160],
        [-0.410574,  0.173348, -0.230690, -0.229016, -0.008477,  0.119774,
         -0.050671,  0.145344, -0.054398, -0.272611],
        [-0.090290,  0.020156, -0.560231, -0.112366, -0.044977,  0.073409,
         -0.058977,  0.209106, -0.243821,  0.236994],
        [-0.000985, -0.206520, -0.069614, -0.251685,  0.395354, -0.437043,
          0.066989, -0.017430,  0.032071,  0.225634],
        [ 0.340916, -0.037461,  0.001424,  0.097956, -0.048988, -0.155624,
          0.016698,  0.266275,  0.098410,  0.242350],
        [-0.114189, -0.193091, -0.142207, -0.201307, -0.002320,  0.031491,
          0.202309, -0.436825, -0.330986, -0.247155],
        [ 0.370315,  0.144360, -0.124590,  0.136900, -0.327378,  0.054169,
          0.473899, -0.009153,  0.152461, -0.077895],
        [-0.105632, -0.265929, -0.519858, -0.184743, -0.189097,  0.174596,
         -0.121073,  0.186251,  0.300976, -0.015394]], device='cuda:0')), ('ginlayers.0.apply_func.mlp.linear.bias', tensor([-0.011801,  0.087261, -0.289343,  0.243576, -0.094312, -0.063126,
        -0.221823, -0.242480, -0.098479, -0.187073], device='cuda:0')), ('ginlayers.0.bn_node_h.weight', tensor([1.000364, 0.792540, 0.828676, 1.230208, 1.020996, 1.075973, 1.118601,
        0.872825, 1.003914, 1.057585], device='cuda:0')), ('ginlayers.0.bn_node_h.bias', tensor([-0.201801, -0.174234,  0.043026,  0.129016,  0.751337, -0.011589,
         0.339384, -0.013349, -0.421752, -0.389728], device='cuda:0')), ('ginlayers.0.bn_node_h.running_mean', tensor([ 1.061080,  0.369072, -0.739494,  1.267342,  1.364448,  0.183552,
        -0.381066,  0.279183, -0.275586,  1.525306], device='cuda:0')), ('ginlayers.0.bn_node_h.running_var', tensor([0.855108, 0.264960, 0.403367, 0.478893, 0.835361, 1.393984, 0.694801,
        0.227617, 0.863364, 0.376457], device='cuda:0')), ('ginlayers.0.bn_node_h.num_batches_tracked', tensor(24310, device='cuda:0')), ('ginlayers.1.eps', tensor([-0.151605], device='cuda:0')), ('ginlayers.1.apply_func.mlp.linear.weight', tensor([[ 0.022493, -0.172897,  0.122282,  0.381411,  0.352590,  0.226536,
          0.024537, -0.253181,  0.047052, -0.094225],
        [ 0.142718,  0.094559, -0.227490,  0.199359,  0.025549, -0.225530,
          0.078460, -0.349004,  0.208510, -0.432906],
        [-0.456325, -0.245602, -0.080583, -0.220834, -0.141322,  0.208307,
          0.286536,  0.287333, -0.072548, -0.156222],
        [-0.151464, -0.123055, -0.382238,  0.014758,  0.347122,  0.137354,
         -0.216767, -0.055610, -0.217803,  0.349227],
        [ 0.118839, -0.029662, -0.201683, -0.166172,  0.129274, -0.122799,
         -0.359594,  0.291383,  0.311640,  0.061408],
        [-0.140077, -0.365819, -0.433838, -0.175582,  0.045920, -0.158121,
         -0.095865, -0.108606, -0.383463, -0.007620],
        [-0.287279, -0.055816, -0.000971,  0.011194,  0.209400, -0.042859,
         -0.099673, -0.083098, -0.139252,  0.412777],
        [ 0.030680,  0.224293, -0.058492,  0.010714, -0.198250,  0.522941,
          0.142530,  0.321105, -0.349438, -0.090466],
        [-0.110873,  0.141119, -0.388657,  0.085415, -0.372341, -0.325753,
         -0.069725,  0.082545, -0.252580,  0.352149],
        [ 0.222615,  0.104389,  0.368091, -0.159493,  0.145901, -0.220601,
         -0.182427,  0.299068,  0.381109, -0.104625]], device='cuda:0')), ('ginlayers.1.apply_func.mlp.linear.bias', tensor([-0.164501,  0.404910, -0.191305, -0.185900, -0.351237, -0.125826,
        -0.238970, -0.167295,  0.107296,  0.237864], device='cuda:0')), ('ginlayers.1.bn_node_h.weight', tensor([1.045000, 0.678764, 0.935872, 1.270879, 1.045645, 1.150446, 1.506705,
        0.802738, 1.245165, 1.215512], device='cuda:0')), ('ginlayers.1.bn_node_h.bias', tensor([-0.039586, -0.290078, -0.330056,  0.269477, -0.361337,  0.292429,
         0.230606, -0.575479, -0.008935,  0.195863], device='cuda:0')), ('ginlayers.1.bn_node_h.running_mean', tensor([ 0.749950,  0.288911,  0.948213,  0.947929, -0.098162,  0.260479,
         0.007801,  0.569970,  0.036314, -0.384784], device='cuda:0')), ('ginlayers.1.bn_node_h.running_var', tensor([0.684677, 0.311451, 0.381260, 1.135804, 0.451597, 1.150237, 0.253628,
        0.666810, 0.689648, 0.491910], device='cuda:0')), ('ginlayers.1.bn_node_h.num_batches_tracked', tensor(24310, device='cuda:0')), ('embedding_h.weight', tensor([[-3.089938e-02, -6.441227e-01, -1.754972e+00, -5.318137e-02,
          1.028698e-01, -1.444921e+00,  4.254689e-01,  1.615518e+00,
         -6.804172e-01, -2.329722e-01],
        [-1.160375e+00, -9.533411e-01, -8.679762e-01, -7.251647e-02,
          1.606117e-01, -7.159345e-02, -4.791210e-01, -9.266545e-01,
          5.048957e-01, -4.466839e-01],
        [-7.190173e-02, -1.893098e+00, -7.997126e-02,  7.688321e-01,
         -1.902948e+00,  1.207226e+00,  8.320714e-01, -8.056296e-01,
          3.079879e-01,  1.262820e+00],
        [-1.201296e+00,  1.615388e+00, -5.564689e-01, -3.026817e-01,
         -9.759901e-01,  2.729417e+00,  1.541372e+00, -6.214910e-01,
          1.145513e+00,  6.776292e-01],
        [-1.344398e+00, -1.067051e+00, -1.260578e-01,  7.537478e-01,
         -5.481467e-01,  8.879017e-01, -1.759179e+00,  7.915298e-01,
         -1.040573e+00, -1.753262e+00],
        [ 6.030036e-01, -8.478238e-01,  5.703153e-01, -3.247569e-01,
         -1.090393e+00, -7.576674e-01,  1.415331e-01, -1.387999e+00,
         -4.702633e-03, -9.890476e-01],
        [ 1.564755e+00,  6.457616e-01,  7.935033e-01, -4.458230e-01,
          6.691157e-01,  7.079770e-02, -1.280230e+00,  9.985524e-02,
          1.723472e+00, -7.167637e-01],
        [ 1.022809e+00, -2.769326e-01,  5.642357e-01, -1.230830e-01,
          4.249788e-02, -1.071631e+00,  4.107763e-01,  6.136312e-01,
         -1.366158e+00, -1.471030e+00],
        [-3.389350e-01, -1.297339e+00,  3.449824e-01,  9.752944e-01,
         -1.102792e+00, -2.441822e-01,  1.671067e+00, -5.470949e-01,
         -3.592461e-01, -9.665608e-01],
        [ 1.527840e+00,  8.262592e-02,  4.323843e-01,  2.307862e-01,
         -1.799910e+00,  2.892343e-01, -5.066663e-01, -3.669952e-01,
          8.234616e-01, -3.216796e-01],
        [ 1.344860e-01, -9.063191e-01,  8.967788e-01,  1.541400e+00,
          1.053916e+00, -6.532186e-01,  4.699392e-01,  5.296543e-01,
          1.503175e+00, -9.036881e-02],
        [-7.546556e-03, -5.538542e-01,  7.309086e-01, -2.947828e-01,
         -1.630706e+00, -1.410438e+00,  3.459468e-01,  1.916694e-01,
         -3.148173e-01, -6.676616e-01],
        [ 8.067583e-01,  1.440653e+00,  1.663462e+00, -8.557760e-01,
         -8.259667e-01, -1.373494e-01, -4.207007e-01,  4.748982e-01,
         -3.416879e-01, -7.846061e-01],
        [ 4.652152e-01,  6.181573e-01,  1.054053e+00,  1.129629e+00,
         -5.227685e-02, -1.500707e-01, -1.998937e+00, -9.322670e-02,
          2.126031e+00, -6.926701e-01],
        [ 3.296371e-01,  3.092490e-01, -1.622728e-01, -1.450882e+00,
         -4.890927e-01, -2.991149e+00,  1.516227e-02,  2.500952e-01,
          1.111547e+00,  7.908747e-01],
        [ 7.847515e-01,  1.340418e+00,  2.102846e+00,  7.813294e-01,
         -1.757138e+00, -3.879405e-02, -2.076537e+00, -1.083567e+00,
          9.002370e-01,  7.085226e-01],
        [-3.139626e-01,  2.928369e-01,  9.260043e-01,  4.424417e-01,
         -1.102413e+00, -8.461583e-01,  1.307701e-01,  5.080724e-01,
          8.392752e-01, -2.829632e-01],
        [ 6.367344e-01,  5.316430e-01,  1.899873e+00, -1.721420e+00,
          2.222101e+00,  6.173435e-01,  4.789300e-01, -1.246499e-01,
          1.931714e+00,  8.066125e-01],
        [ 1.266994e+00,  1.753299e-01,  1.115881e-01, -5.988082e-01,
         -6.509302e-01, -2.093607e+00, -1.249573e+00,  9.529348e-01,
          4.367088e-01, -5.158440e-01],
        [ 4.633158e-01,  1.729550e+00,  1.830028e+00, -4.260061e-01,
         -1.245786e+00, -4.225893e-01, -1.026165e+00,  5.548095e-01,
         -1.142277e+00, -6.973755e-01],
        [ 5.241234e-01,  5.034266e-01,  1.051410e+00, -1.681577e+00,
          4.112483e-01, -1.609773e-01, -9.570044e-01, -8.644065e-01,
          6.471293e-01, -1.384264e+00],
        [ 1.711611e+00,  5.808076e-01,  5.282042e-01, -3.346117e-01,
         -3.183857e-01, -1.617391e+00,  4.402812e-01,  2.875136e-01,
         -1.351127e+00,  2.558203e-01],
        [ 6.139380e-02,  4.986925e-01, -8.439622e-01, -6.231522e-01,
          6.682144e-01, -1.733117e+00,  6.247706e-01, -1.948264e+00,
          1.973420e-01, -9.018582e-01],
        [ 1.973226e+00, -1.317204e-01,  1.581377e+00, -5.359153e-01,
         -2.312575e-01,  1.314356e+00, -2.467803e-01, -4.673626e-01,
         -6.064689e-01, -1.585586e+00],
        [-7.332741e-02,  1.337283e-01, -7.086828e-03,  1.162230e-01,
         -7.263315e-01, -1.406261e+00,  1.226880e-01,  6.804142e-02,
          9.981046e-01, -5.052011e-01],
        [ 5.600806e-01,  1.494126e+00,  1.519419e+00,  3.676131e-01,
         -5.854662e-01, -1.448130e+00, -1.126840e+00,  3.169526e-01,
         -4.319267e-01, -1.238843e-01],
        [-6.745417e-01,  7.522991e-02,  5.946305e-01, -6.173694e-01,
         -1.945850e+00,  1.135167e-02,  1.253780e+00, -1.219535e+00,
          8.406571e-01, -5.953355e-01],
        [ 6.513262e-02, -4.319501e-01,  8.566973e-01, -1.365498e+00,
          3.520212e-01,  5.481433e-01,  4.778529e-01, -3.547805e-01,
         -4.630462e-01, -1.243139e+00],
        [ 1.749495e+00,  7.121083e-01,  8.815515e-02, -1.677063e-01,
          3.723521e-03, -1.799459e+00,  2.451384e-01,  1.436901e+00,
         -3.133458e-01, -3.658838e-01],
        [ 3.096904e-02, -1.080394e+00,  4.569713e-01, -7.849364e-01,
         -1.482128e+00, -1.503575e+00, -4.816430e-01, -7.435842e-01,
          1.501883e+00,  2.362244e-01],
        [-1.053875e+00,  4.879291e-01,  1.114757e+00,  4.899035e-01,
         -1.247592e-01,  1.121230e+00,  5.015824e-01,  5.711265e-01,
          5.471207e-03, -7.392161e-01],
        [ 5.731432e-01, -2.441233e+00, -4.202430e-02,  1.154452e+00,
         -1.143208e-01,  1.102326e+00,  5.032036e-01, -2.916500e-01,
          1.359670e-01, -1.347159e+00],
        [ 1.442569e+00,  3.805921e+00,  6.290258e-02,  1.204403e+00,
          2.951540e-01, -8.189109e-01,  6.891816e-01, -1.358713e+00,
         -1.038244e+00, -1.098600e-01],
        [ 5.784693e-01,  1.860148e+00, -4.084269e-01, -1.000135e+00,
          1.760805e+00,  2.209558e-01, -1.204909e+00, -1.650115e+00,
          1.045692e+00, -8.164357e-01],
        [-9.902298e-01,  1.910240e-01,  8.987184e-01,  3.622094e-02,
         -4.161246e-01, -3.017330e-01, -4.354696e-01,  6.253673e-01,
          6.465882e-01,  4.752694e-01],
        [ 2.771676e-02,  6.680433e-03, -7.121907e-01,  1.643784e+00,
         -6.788615e-01, -5.062667e-01,  8.100609e-03, -6.900263e-01,
          1.694671e+00,  4.426816e-01],
        [-9.745206e-01, -1.928863e-01, -6.442084e-01, -1.774059e+00,
          1.315200e+00,  3.068653e-01,  8.014017e-01, -3.623324e-01,
          1.401981e+00,  9.461451e-01],
        [-4.195370e-01, -6.321334e-01,  1.113846e+00,  6.618471e-01,
          9.843305e-01,  2.611437e-01,  2.469035e-01, -1.342324e-01,
         -2.863404e-02, -7.180651e-01],
        [ 1.235913e+00,  1.852161e+00,  4.121960e-01, -4.761031e-01,
         -1.906191e-01, -3.194219e-01, -3.965290e-01, -8.705665e-02,
          2.018935e+00,  1.550622e-01],
        [ 1.666401e+00,  7.795410e-01, -2.111291e-01, -5.750560e-01,
          1.784011e+00,  3.719463e-01, -3.505918e-01, -5.825707e-01,
         -5.271447e-02, -5.232213e-01],
        [-4.309868e-01, -5.569398e-01,  1.604734e-01,  4.444605e-01,
          1.131619e+00, -7.834747e-01,  1.236506e+00, -2.016095e+00,
          7.069468e-01, -2.233105e+00],
        [ 7.940735e-01,  7.072241e-01, -3.994589e-01, -6.592527e-01,
         -9.549861e-02, -2.147067e+00,  6.750216e-01, -7.674860e-01,
         -1.801538e-01,  3.033834e-01],
        [ 2.347194e-01, -4.071849e-01,  2.731500e-01,  2.186192e-03,
          5.234973e-01, -5.442645e-01, -5.683991e-01,  1.252789e-01,
         -2.541935e+00, -6.798684e-02],
        [ 5.394957e-01, -6.022252e-01,  8.016201e-01,  3.139136e-01,
         -8.957995e-02, -7.830977e-01, -4.249750e-01, -8.876700e-01,
          4.968737e-02,  2.017979e-01],
        [-1.447886e-02,  1.469939e-01,  9.274634e-01,  7.910622e-01,
          1.392543e+00,  7.474293e-01,  7.727448e-01, -1.518595e+00,
         -1.172880e-01,  1.581662e+00],
        [-1.161881e+00,  6.466789e-01,  3.077456e-01, -2.862943e-01,
         -5.461674e-02, -3.129556e-01,  1.987793e-01, -2.048601e-01,
         -1.186098e-01,  1.191637e+00],
        [ 1.152004e+00, -1.132442e+00, -3.003775e-01, -9.388548e-01,
         -5.124266e-01, -1.060533e+00, -3.984271e-01,  2.779467e-01,
          2.238765e+00, -3.854749e-02],
        [-1.100409e+00,  2.508286e+00, -6.520255e-01, -9.797765e-01,
          1.828152e+00, -6.306680e-01,  2.450930e+00, -2.084396e+00,
         -5.999300e-01, -2.930273e-01],
        [ 2.113575e+00, -5.890837e-01,  5.487278e-01,  9.093273e-01,
          4.918976e-01,  2.206741e-01,  2.595014e+00,  6.162374e-01,
         -3.174689e-01,  2.368349e+00],
        [-1.600664e+00,  1.094090e-01,  9.240147e-01, -1.897337e+00,
         -3.549564e-01, -1.436810e+00, -1.043341e+00, -4.027829e-01,
          2.740779e-01, -1.559359e+00],
        [-2.130437e-01,  1.139839e-01,  2.060638e-01, -1.007143e+00,
          1.785571e+00, -3.560055e-01,  1.756175e-02,  5.613557e-01,
         -6.012880e-01,  1.982886e-01],
        [-1.198376e+00, -1.035068e+00, -7.810256e-01, -1.197135e+00,
         -2.314996e+00, -1.173368e+00,  1.152691e+00, -2.896376e-01,
          9.425138e-01, -8.060950e-01],
        [ 4.900161e-01, -1.206881e+00,  6.166807e-02, -1.109031e-01,
         -7.133523e-01,  4.184920e-01,  7.576815e-01,  9.828517e-01,
          4.055579e-02,  2.062399e-02],
        [-1.750733e+00,  1.639075e+00, -9.085592e-01,  6.474040e-01,
         -8.688634e-01, -5.753795e-01, -5.193880e-01, -8.122304e-01,
          3.416226e-01,  1.137833e+00],
        [-8.167875e-01,  6.604790e-01,  1.308307e-01,  4.233889e-02,
          6.663861e-01, -5.947428e-01,  5.167073e-02, -6.456681e-01,
          3.620659e-01, -7.674001e-01],
        [ 4.496708e-01,  2.609252e-01, -1.093343e+00, -4.857971e-01,
          6.680996e-02,  5.290470e-01,  1.329195e+00, -2.155660e+00,
         -1.499927e+00, -6.418479e-01],
        [-3.936372e-01,  5.790381e-01, -1.658116e+00, -1.417092e+00,
         -1.062408e-01,  3.074483e-01,  7.913120e-01, -6.195977e-01,
         -1.911124e-02,  1.816827e+00],
        [ 4.524192e-01, -5.735843e-01, -9.996191e-02,  9.393979e-01,
         -3.338787e-01, -5.954215e-01,  8.966038e-02,  1.135110e+00,
         -2.073884e+00,  1.208109e-01],
        [-9.347416e-01,  2.438034e+00, -3.372766e-01,  1.224988e+00,
          6.783906e-02,  9.135615e-01, -1.637006e+00, -1.852160e-01,
         -1.611032e+00,  5.433609e-01],
        [-1.669998e-01,  6.079955e-01, -7.807149e-01,  3.334394e-01,
         -9.743713e-01, -1.120496e+00, -6.580170e-01,  8.732539e-01,
          1.062401e+00,  4.229024e-01],
        [ 8.368071e-01,  3.811751e-01,  2.350384e-02, -5.689322e-01,
         -1.505032e+00, -5.604641e-01, -9.815137e-01,  3.140616e-01,
         -9.815872e-01,  8.983514e-01],
        [ 1.840700e-01,  7.115991e-02, -1.046464e-02, -7.643085e-02,
          7.767199e-01, -5.628556e-01,  5.659608e-01,  4.820023e-01,
         -1.514829e+00,  1.094193e-01],
        [-2.374579e+00, -1.288756e+00,  3.081957e-01, -8.372491e-01,
         -7.694903e-02,  1.831890e+00,  1.635642e+00, -1.966461e-01,
          4.139776e-01,  3.257919e-01],
        [-1.004194e+00, -5.638545e-02, -7.855174e-01,  1.189367e+00,
          3.563761e+00, -8.563545e-01,  1.208871e+00, -4.447188e-01,
         -2.212281e-01, -1.049850e+00],
        [ 7.077007e-02, -2.053102e+00,  4.053443e-01, -1.034046e+00,
         -6.657976e-02,  1.183896e+00, -1.625085e+00,  8.633682e-01,
          1.727220e-01, -9.810566e-01],
        [ 7.860638e-01,  2.373483e-01,  6.123321e-01, -9.764411e-01,
          6.914009e-01,  1.338272e+00, -5.999358e-01,  1.026737e+00,
         -6.350684e-01,  9.333608e-01],
        [ 1.872496e-01, -1.111364e+00,  9.259099e-01,  1.521444e+00,
          1.027670e+00, -5.538277e-01, -4.528056e-01,  6.262088e-01,
          9.120812e-01,  3.868628e-02],
        [-6.509944e-01, -7.860784e-01, -1.204364e-02, -1.389705e+00,
         -8.157315e-01, -6.557372e-01,  6.904553e-01,  1.065008e+00,
          1.597264e+00,  1.473140e+00],
        [-1.819015e+00, -1.055933e+00,  5.585827e-01,  9.618661e-01,
          1.329156e+00,  2.223039e+00, -1.020163e+00, -1.083842e+00,
          6.737548e-01, -1.021375e+00],
        [ 2.660964e-01, -4.527629e-01, -8.946960e-01, -6.110360e-01,
          8.184035e-01, -7.140943e-01,  4.186085e-01,  8.956445e-01,
         -1.007406e+00, -8.061100e-01],
        [-7.910321e-01,  1.004414e-01, -6.706945e-01, -1.277013e+00,
         -9.282361e-01, -5.786215e-01, -8.375118e-01, -2.822604e-01,
          4.472347e-01, -1.769959e+00],
        [ 2.234591e+00, -6.279222e-01,  4.794376e-01, -5.661187e-01,
          6.555462e-01, -3.491474e-01,  7.294403e-02, -1.958362e+00,
         -3.262433e-01, -3.128014e-01],
        [ 2.049940e+00, -7.609694e-01,  5.875638e-02, -1.427221e+00,
         -7.431595e-01,  2.902412e+00,  2.354401e+00,  5.839894e-01,
          1.134082e-01,  1.012548e+00],
        [-3.337200e-01, -5.182264e-01, -7.113850e-01, -1.573498e-01,
          1.744712e+00,  8.341892e-01, -1.106968e+00, -4.014929e-01,
          3.356473e-01, -2.885894e-01],
        [-1.019716e-01, -4.074695e-01,  2.863754e-01,  1.962923e-01,
          3.980460e-01,  1.631985e+00, -9.541069e-02, -7.745100e-01,
         -2.103778e-01, -2.858263e-01],
        [ 1.320698e+00, -3.413487e-01,  2.084334e+00,  1.329237e+00,
          3.112392e-01,  1.964552e+00, -1.049116e+00,  1.306242e+00,
          1.417129e+00, -5.094157e-01],
        [ 6.563231e-01,  4.716091e-01, -1.829759e-01, -4.898941e-01,
         -5.084489e-01, -9.086665e-01, -1.185151e+00,  4.856588e-01,
         -2.936524e-01,  7.757603e-01],
        [-1.178114e+00,  1.442006e+00,  1.063210e+00, -4.456020e-01,
          1.465710e+00, -3.098095e+00,  1.053955e+00, -6.476323e-01,
         -2.867187e+00, -1.076692e+00],
        [ 7.001324e-01, -8.354423e-01, -1.824586e-03, -1.117679e+00,
          1.191542e+00, -1.663736e+00,  1.483287e+00,  5.867218e-01,
         -5.423206e-01,  4.226815e-02],
        [-2.262431e+00,  9.672723e-01, -1.412232e+00, -4.273730e-01,
          5.719073e-01, -1.003565e-01, -7.628481e-01,  1.606869e+00,
         -1.213071e+00, -1.323327e-01],
        [-1.432285e+00,  2.248519e-01,  3.137775e-01, -1.394485e+00,
         -1.803055e+00,  7.250924e-01,  6.025642e-01,  2.652072e-01,
          3.538427e-01,  9.953687e-01],
        [ 9.288126e-01,  1.856907e+00,  1.208869e+00,  7.310364e-02,
          4.226788e-01,  1.917494e+00, -4.909564e-01,  5.636466e-01,
         -8.337569e-01,  4.098799e-01],
        [ 8.906345e-01, -2.528394e-01,  9.919568e-01,  1.070891e+00,
          8.324752e-02,  1.388862e+00, -6.956249e-01,  8.461509e-01,
          2.317973e-01,  5.978295e-01],
        [-1.666307e+00, -6.497736e-01, -1.323408e+00,  1.540440e+00,
          5.126455e-01, -2.113101e-01, -8.798086e-01, -1.195747e+00,
         -3.747997e-02, -4.311070e-01],
        [ 5.207818e-01,  2.902106e-01,  1.254400e+00, -9.782897e-01,
          8.225429e-01, -4.477242e-01, -2.288241e+00,  1.635231e+00,
          2.995824e-01,  1.574605e+00],
        [-1.224751e+00, -9.632043e-01, -4.683703e-01,  8.577906e-01,
         -1.627412e-02, -3.377086e-01,  8.602045e-01,  9.902233e-01,
         -9.197798e-01,  4.519533e-01],
        [ 1.245137e+00,  4.987886e-01,  7.545791e-01,  1.948171e+00,
          2.527622e-01,  1.597118e+00, -3.964930e-01,  1.876325e+00,
          7.462996e-01,  2.590782e+00],
        [ 2.171884e-01,  6.852911e-01, -1.223812e+00, -2.351603e-01,
         -2.447884e-02, -4.186031e-01,  2.914631e-01,  2.071013e-01,
         -2.710473e-01,  2.313379e+00],
        [-3.960536e-01,  1.064685e-01, -4.359960e-01, -6.680021e-01,
         -9.779028e-01, -1.960088e+00,  1.048183e+00, -8.385205e-01,
          8.714831e-01,  8.588637e-01],
        [-1.681584e+00, -7.057462e-01, -8.717630e-02, -1.386544e+00,
          7.931100e-01,  7.893572e-02,  1.748650e+00, -1.763502e+00,
         -1.659386e-01, -8.204883e-01],
        [-9.235818e-01, -2.752442e-01, -1.397226e+00,  1.514286e+00,
          6.894323e-01,  1.172823e+00,  1.045959e+00, -9.668089e-01,
          1.539479e+00,  4.206058e-01],
        [-2.802046e+00, -5.405937e-01,  7.124843e-01, -1.399762e+00,
          1.693246e+00, -1.634361e+00, -1.421376e+00, -1.133986e+00,
          4.533474e-01, -7.153032e-01],
        [ 1.849005e-01,  4.113963e-01,  8.468050e-01,  5.549420e-01,
          1.002524e+00, -1.403505e+00, -1.012827e+00,  1.704238e+00,
          4.672305e-02,  5.925613e-02],
        [ 1.479010e+00, -5.816568e-01,  2.475722e-01,  9.569854e-01,
          8.001437e-01,  4.561547e-01,  1.809698e-01,  9.932567e-01,
          1.106796e-01, -5.651152e-02],
        [-3.298209e-01, -6.205481e-01, -9.273910e-01,  1.162514e+00,
          1.484134e-01, -3.892317e-01,  1.057579e+00,  8.955940e-02,
         -9.275162e-01,  2.773846e-01],
        [-1.806086e-01,  3.169359e-02, -4.000529e-01,  3.118529e+00,
         -8.278717e-01,  4.876120e-01, -1.136596e+00, -2.027813e+00,
          6.236186e-01, -1.147320e+00],
        [-2.519308e+00, -2.255462e-01,  8.027772e-01, -9.126084e-01,
          2.048893e+00, -9.103226e-01,  2.361082e+00,  1.107044e+00,
         -1.362308e+00,  7.763140e-01],
        [-1.487002e+00, -1.616165e+00,  2.325699e-01, -1.841453e-01,
         -7.651011e-01, -1.030701e-01,  4.954244e-01, -5.896615e-01,
         -1.022622e+00,  1.699184e+00],
        [-7.256460e-01, -6.305570e-01, -3.194676e+00,  3.046879e-01,
         -1.862653e+00,  3.926207e-01,  3.360613e-02,  8.301958e-01,
         -1.071760e-01,  1.836392e-01],
        [-1.879485e-01,  5.804467e-01,  4.156540e-02,  8.345680e-01,
         -5.225780e-02,  1.099849e+00,  3.665144e-01,  2.620926e-01,
         -1.211406e+00, -1.198193e+00],
        [-6.358064e-01, -9.038689e-01,  2.071749e+00, -1.140401e+00,
         -3.134390e-01,  1.350505e+00, -2.100154e-01, -4.738843e-01,
          3.883649e-01,  1.409016e+00],
        [ 1.217160e+00, -1.111604e-01,  4.510404e-01, -3.407259e-01,
          2.218043e+00, -1.695091e+00, -1.595150e+00, -5.342846e-01,
         -7.387996e-01,  7.790688e-01],
        [ 1.225522e+00, -1.465030e+00,  8.946083e-01,  2.591154e-01,
          3.965528e-02,  1.449617e-02, -3.059989e-02,  8.008810e-01,
         -1.560265e+00, -1.815749e-02],
        [ 2.120586e-01, -4.825400e-01, -1.013556e+00, -2.071050e-02,
         -6.692281e-02, -5.741147e-01, -1.590124e-01,  8.010060e-01,
         -8.479208e-01,  1.737431e+00],
        [-1.131023e+00, -7.536204e-02, -5.193720e-01,  1.600827e+00,
          3.619202e-01, -3.067862e-01,  1.150899e+00,  9.999087e-02,
         -9.377542e-01, -8.179957e-01],
        [-1.506608e+00,  3.600270e-01,  9.985798e-01, -1.727375e+00,
         -5.165347e-01,  5.412632e-01, -8.016117e-01, -1.381076e-01,
         -9.031017e-01,  5.192214e-01],
        [ 1.325770e-02, -1.421332e+00,  4.890683e-01, -8.346902e-01,
         -2.523805e+00,  3.073753e-01,  1.956055e+00, -1.282314e+00,
         -1.514636e+00,  6.843164e-01],
        [ 1.519792e+00,  1.230580e+00,  5.690592e-01, -6.048902e-01,
         -1.108161e-01,  1.238215e+00, -3.835351e-01, -1.057009e-01,
          8.729330e-01, -6.395252e-01],
        [-4.447375e-01, -1.015217e+00, -2.001909e+00,  4.533587e-01,
          1.325920e+00, -3.061793e-01,  2.394943e+00, -7.848179e-01,
          2.281999e+00, -1.040815e+00]], device='cuda:0')), ('linears_prediction_reg.0.weight', tensor([[-0.457729, -0.420478, -0.629257,  0.573612,  0.018807,  0.359444,
          0.291600, -0.146172, -0.247405,  0.150655]], device='cuda:0')), ('linears_prediction_reg.0.bias', tensor([0.210553], device='cuda:0')), ('linears_prediction_class.0.weight', tensor([[ 0.049942,  0.279862, -0.123485, -0.006737, -0.105705, -0.063672,
          0.130391, -0.121694, -0.133997, -0.415095],
        [-0.029395,  0.158395, -0.289195,  0.091684, -0.276972, -0.030211,
          0.172587,  0.182058, -0.033385, -0.213003]], device='cuda:0')), ('linears_prediction_class.0.bias', tensor([ 1.037187, -0.796008], device='cuda:0'))])