OrderedDict([('ginlayers.0.eps', tensor([-0.771713], device='cuda:0')), ('ginlayers.0.apply_func.mlp.linear.weight', tensor([[ 0.320040, -0.295660, -0.149979, -0.004189, -0.257821, -0.289466,
          0.271772,  0.009449,  0.146177,  0.003718],
        [-0.154201, -0.023353,  0.181389,  0.258718,  0.117607,  0.007739,
          0.227174,  0.311646,  0.358511, -0.256341],
        [ 0.029205,  0.003534,  0.285545,  0.101808,  0.134973, -0.328917,
         -0.064548, -0.066229,  0.103702, -0.077800],
        [-0.251051, -0.055930,  0.068226,  0.103306, -0.227155,  0.119666,
         -0.255170, -0.177929,  0.167472, -0.022074],
        [-0.262029,  0.034677, -0.442109, -0.070467, -0.218171,  0.211448,
         -0.021968,  0.055830, -0.144488,  0.207383],
        [-0.054059, -0.153429, -0.243701,  0.038332,  0.134759, -0.054894,
          0.184080,  0.338019,  0.137275,  0.272475],
        [ 0.156304,  0.194995,  0.031441, -0.109973,  0.056600, -0.054284,
          0.040490,  0.224030,  0.146090,  0.245485],
        [-0.048974, -0.043970, -0.071459, -0.310617,  0.201131,  0.024180,
          0.296093, -0.374527, -0.283268, -0.233394],
        [ 0.281736,  0.171113, -0.234387,  0.103835, -0.309105,  0.098662,
          0.366063,  0.017565,  0.122500,  0.100038],
        [-0.124985, -0.265413, -0.428106, -0.152242, -0.180603,  0.162480,
         -0.159675,  0.223281,  0.275905, -0.080054]], device='cuda:0')), ('ginlayers.0.apply_func.mlp.linear.bias', tensor([ 0.036901,  0.075127, -0.312060,  0.199884, -0.068740, -0.243464,
        -0.120102,  0.042969, -0.224137, -0.299714], device='cuda:0')), ('ginlayers.0.bn_node_h.weight', tensor([0.863186, 0.728035, 0.837785, 1.273129, 1.078932, 1.115714, 1.162452,
        0.979945, 0.771365, 1.448751], device='cuda:0')), ('ginlayers.0.bn_node_h.bias', tensor([ 0.018633, -0.153779, -0.152188,  0.285463, -0.055523,  0.137502,
         0.165480, -0.119348, -0.306372, -0.052685], device='cuda:0')), ('ginlayers.0.bn_node_h.running_mean', tensor([ 0.456565,  0.270000, -0.756237,  0.207768,  0.860947,  0.483558,
        -0.598438,  0.116965, -0.317647,  0.941657], device='cuda:0')), ('ginlayers.0.bn_node_h.running_var', tensor([0.796583, 0.106797, 0.261438, 1.003160, 0.300012, 0.735715, 0.373764,
        0.151299, 1.003176, 0.271727], device='cuda:0')), ('ginlayers.0.bn_node_h.num_batches_tracked', tensor(17374, device='cuda:0')), ('ginlayers.1.eps', tensor([-0.020097], device='cuda:0')), ('ginlayers.1.apply_func.mlp.linear.weight', tensor([[ 0.172692, -0.092294,  0.072822,  0.414933,  0.333573,  0.134390,
          0.178148,  0.052906,  0.039646, -0.030519],
        [ 0.157672,  0.040918, -0.129928,  0.401564, -0.037289, -0.218549,
          0.045366, -0.160687,  0.254230, -0.368002],
        [-0.290418, -0.448609, -0.002914, -0.072097, -0.314568,  0.211144,
          0.283335,  0.216922, -0.132018, -0.108917],
        [ 0.123016, -0.254644, -0.291638, -0.061546,  0.422356, -0.142826,
         -0.202657, -0.250881, -0.117961, -0.033988],
        [ 0.277726,  0.019008,  0.156219, -0.112166, -0.209974,  0.276960,
         -0.259176,  0.119886,  0.305161, -0.200755],
        [-0.040060, -0.343846, -0.299787, -0.324256,  0.098303, -0.253067,
          0.052546,  0.169042, -0.267717, -0.060887],
        [-0.255602, -0.030823, -0.259328, -0.138437,  0.222135, -0.008567,
          0.032928, -0.138448, -0.162291,  0.277464],
        [-0.141588,  0.041851, -0.315812,  0.176954, -0.231337,  0.353798,
          0.243780,  0.025309, -0.095487, -0.489512],
        [ 0.086678,  0.252043, -0.168814,  0.155600, -0.290637, -0.164158,
         -0.125176,  0.093340, -0.108641,  0.550137],
        [ 0.139320, -0.041408,  0.334714, -0.131447, -0.137884,  0.072249,
         -0.004764,  0.398366,  0.099261, -0.491260]], device='cuda:0')), ('ginlayers.1.apply_func.mlp.linear.bias', tensor([-0.032145,  0.279389, -0.032477, -0.035077, -0.236872, -0.032153,
        -0.303106, -0.172816,  0.140657,  0.186766], device='cuda:0')), ('ginlayers.1.bn_node_h.weight', tensor([0.913018, 1.021137, 0.831094, 1.048295, 1.087583, 1.004806, 1.168172,
        0.958223, 1.113059, 0.980187], device='cuda:0')), ('ginlayers.1.bn_node_h.bias', tensor([-0.098235,  0.114673, -0.111537,  0.072477, -0.144976,  0.176098,
         0.170675, -0.201693, -0.176222,  0.263073], device='cuda:0')), ('ginlayers.1.bn_node_h.running_mean', tensor([ 1.480013,  0.430855,  1.054988, -0.019733, -1.226254,  0.452025,
         0.286500,  0.916164,  0.696348, -0.516650], device='cuda:0')), ('ginlayers.1.bn_node_h.running_var', tensor([0.630349, 0.648072, 0.537156, 1.055849, 0.472659, 3.277787, 0.470761,
        0.920936, 0.646125, 1.127575], device='cuda:0')), ('ginlayers.1.bn_node_h.num_batches_tracked', tensor(17374, device='cuda:0')), ('embedding_h.weight', tensor([[-2.269899e-04, -6.136974e-01, -1.694417e+00, -4.306571e-02,
          3.962729e-01, -1.530977e+00,  4.628782e-01,  1.531839e+00,
         -6.763166e-01, -3.042531e-01],
        [-1.105489e+00, -9.349210e-01, -8.052840e-01, -3.772997e-02,
          2.221305e-01, -1.411044e-01, -5.366219e-01, -9.360608e-01,
          3.063095e-01, -4.836555e-01],
        [-1.235586e-01, -1.621307e+00,  7.655086e-03,  6.386201e-01,
         -2.224235e+00,  1.101277e+00,  6.870319e-01, -7.779163e-01,
          1.898535e-01,  1.346350e+00],
        [-1.196080e+00,  1.707212e+00, -5.105703e-01, -1.157417e-01,
         -1.450808e+00,  2.776201e+00,  1.741824e+00, -5.907888e-01,
          1.282767e+00,  3.800538e-01],
        [-1.390435e+00, -1.043759e+00, -7.278302e-02,  7.942116e-01,
         -3.395781e-01,  8.271955e-01, -1.833530e+00,  7.688774e-01,
         -9.233412e-01, -1.662670e+00],
        [ 1.992559e-02, -4.510255e-01,  4.040643e-01, -1.284948e+00,
         -1.255830e+00, -6.224360e-01,  4.501958e-02, -1.439990e+00,
         -7.914277e-01, -1.002747e+00],
        [ 5.203250e-01,  3.230353e-02,  8.238347e-01, -2.202496e-01,
          1.512664e+00,  3.602526e-01, -1.147572e+00,  3.888155e-01,
          1.720363e+00, -7.151477e-01],
        [ 5.729932e-01,  2.176911e-01,  5.462996e-01, -4.104066e-01,
         -5.558889e-01, -1.366101e+00,  4.000547e-01,  7.992926e-01,
         -1.801849e+00, -8.726668e-01],
        [-3.596146e-01, -1.706998e+00, -1.531912e-01, -5.801984e-02,
         -1.206787e+00, -3.397965e-02,  1.887781e+00, -5.571154e-01,
         -1.168731e+00, -8.231674e-01],
        [ 1.384318e+00, -6.595029e-01,  5.163965e-01,  6.933459e-01,
         -2.373149e+00,  5.766163e-01,  1.246509e-01, -2.366866e-01,
          1.397089e+00, -5.671923e-01],
        [-3.111030e-01, -1.294861e+00,  7.391491e-01,  1.232633e+00,
          1.477331e+00, -3.659594e-01,  4.103061e-01,  1.386770e+00,
          1.434936e+00, -8.072815e-03],
        [-4.641218e-01, -7.115674e-01,  5.086458e-01, -4.314316e-01,
         -1.938814e+00, -1.486817e+00,  6.403081e-01,  4.615764e-01,
         -5.677406e-01, -5.785546e-01],
        [ 7.744351e-01,  1.246864e+00,  1.515872e+00, -7.127460e-01,
         -1.204665e+00, -3.769714e-01,  2.576120e-01,  4.910947e-01,
         -5.388190e-01, -1.117667e+00],
        [ 2.017283e-01, -4.781865e-01,  7.296960e-01,  1.135383e+00,
          5.195329e-01,  5.350283e-02, -2.222132e+00,  1.429018e-01,
          1.783645e+00, -1.253288e-01],
        [-9.268534e-02, -2.925783e-01, -3.291566e-02, -1.299039e+00,
         -1.707502e-01, -2.921013e+00,  6.669682e-01,  3.678693e-01,
          1.925515e-01,  1.398540e+00],
        [ 1.879698e-01,  1.150457e+00,  1.919171e+00,  2.307389e+00,
          6.964921e-03,  1.550865e-01, -1.181820e+00, -1.691362e+00,
          3.369896e-01,  4.980559e-01],
        [-9.907079e-01,  1.238220e-01,  5.305572e-01, -7.806718e-02,
         -6.125928e-01, -5.366033e-01, -1.803079e-01,  1.483911e+00,
          1.215416e+00, -3.222387e-01],
        [ 3.068336e-01,  4.878183e-01,  1.825686e+00, -8.163348e-01,
          2.749654e+00,  7.864460e-01,  1.282292e+00,  3.810553e-01,
          1.612641e+00,  1.233598e+00],
        [ 1.802625e-01, -3.632828e-01,  4.715939e-02, -1.394443e+00,
         -1.738258e+00, -1.826928e+00, -1.438380e+00,  1.571287e+00,
          1.359731e-01, -4.888517e-02],
        [ 4.319650e-01,  2.050991e+00,  1.089347e+00,  5.441260e-01,
         -6.894910e-01, -2.690960e-02, -7.700368e-01,  8.632183e-01,
         -7.054320e-01, -3.971007e-01],
        [ 3.708380e-01,  1.027836e+00,  8.802783e-01, -1.270206e+00,
         -4.192538e-01, -2.825839e-01, -1.252992e+00, -1.293760e+00,
          5.928644e-01, -1.018551e+00],
        [ 1.691261e+00,  8.788646e-01,  1.256463e-01, -2.254794e-01,
         -6.673099e-01, -1.406378e+00,  1.878262e-01,  2.405859e-01,
         -1.384936e+00,  8.467596e-02],
        [-4.830148e-01,  9.246035e-01, -7.805115e-01, -3.042617e-02,
          2.359901e-01, -1.445305e+00,  3.437847e-01, -1.869864e+00,
          3.781014e-01, -8.498785e-01],
        [ 5.841299e-01, -1.046811e+00,  1.504947e+00, -4.808221e-01,
         -2.212535e-01,  9.727771e-01,  1.541732e-01, -5.250467e-01,
         -8.929952e-01, -1.476291e+00],
        [-9.758330e-01, -1.950081e-01, -2.338020e-01,  6.642725e-01,
         -5.811830e-01, -7.884750e-01,  2.083728e-01,  3.999087e-01,
          1.400304e+00, -6.455877e-01],
        [ 7.733838e-02,  1.344109e+00,  8.585842e-01,  8.605973e-02,
          5.236346e-01, -1.086504e+00, -6.440668e-01,  6.627675e-03,
         -9.791726e-01, -2.987347e-01],
        [-5.814322e-01,  7.926171e-01,  2.991100e-01, -3.940313e-01,
         -2.520392e+00, -7.499225e-02,  1.583833e+00, -7.040433e-01,
          1.216030e+00, -5.825667e-01],
        [-9.225180e-01,  1.423500e-01,  6.940259e-01, -8.985464e-01,
          1.521187e-01,  1.141055e+00,  5.250002e-01, -3.881775e-01,
         -5.185120e-01, -1.407317e+00],
        [ 1.211508e+00,  1.588824e-01, -7.428610e-02,  2.567676e-01,
          8.129303e-01, -1.828055e+00,  3.625327e-01,  9.376950e-01,
         -7.596680e-01, -3.074118e-01],
        [-8.386047e-01, -1.761731e+00,  3.015721e-01,  2.619276e-01,
         -6.075385e-01, -1.364686e+00,  5.036235e-01, -1.286532e+00,
          1.483421e+00,  8.881412e-02],
        [-1.053875e+00,  4.879291e-01,  1.114757e+00,  4.899035e-01,
         -1.247592e-01,  1.121230e+00,  5.015824e-01,  5.711265e-01,
          5.471207e-03, -7.392161e-01],
        [ 5.731432e-01, -2.441233e+00, -4.202430e-02,  1.154452e+00,
         -1.143208e-01,  1.102326e+00,  5.032036e-01, -2.916500e-01,
          1.359670e-01, -1.347159e+00],
        [ 1.442569e+00,  3.805921e+00,  6.290258e-02,  1.204403e+00,
          2.951540e-01, -8.189109e-01,  6.891816e-01, -1.358713e+00,
         -1.038244e+00, -1.098600e-01],
        [ 5.784693e-01,  1.860148e+00, -4.084269e-01, -1.000135e+00,
          1.760805e+00,  2.209558e-01, -1.204909e+00, -1.650115e+00,
          1.045692e+00, -8.164357e-01],
        [-9.902298e-01,  1.910240e-01,  8.987184e-01,  3.622094e-02,
         -4.161246e-01, -3.017330e-01, -4.354696e-01,  6.253673e-01,
          6.465882e-01,  4.752694e-01],
        [ 2.771676e-02,  6.680433e-03, -7.121907e-01,  1.643784e+00,
         -6.788615e-01, -5.062667e-01,  8.100609e-03, -6.900263e-01,
          1.694671e+00,  4.426816e-01],
        [-9.745206e-01, -1.928863e-01, -6.442084e-01, -1.774059e+00,
          1.315200e+00,  3.068653e-01,  8.014017e-01, -3.623324e-01,
          1.401981e+00,  9.461451e-01],
        [-4.195370e-01, -6.321334e-01,  1.113846e+00,  6.618471e-01,
          9.843305e-01,  2.611437e-01,  2.469035e-01, -1.342324e-01,
         -2.863404e-02, -7.180651e-01],
        [ 1.235913e+00,  1.852161e+00,  4.121960e-01, -4.761031e-01,
         -1.906191e-01, -3.194219e-01, -3.965290e-01, -8.705665e-02,
          2.018935e+00,  1.550622e-01],
        [ 1.666401e+00,  7.795410e-01, -2.111291e-01, -5.750560e-01,
          1.784011e+00,  3.719463e-01, -3.505918e-01, -5.825707e-01,
         -5.271447e-02, -5.232213e-01],
        [-4.309868e-01, -5.569398e-01,  1.604734e-01,  4.444605e-01,
          1.131619e+00, -7.834747e-01,  1.236506e+00, -2.016095e+00,
          7.069468e-01, -2.233105e+00],
        [ 7.940735e-01,  7.072241e-01, -3.994589e-01, -6.592527e-01,
         -9.549861e-02, -2.147067e+00,  6.750216e-01, -7.674860e-01,
         -1.801538e-01,  3.033834e-01],
        [ 2.347194e-01, -4.071849e-01,  2.731500e-01,  2.186192e-03,
          5.234973e-01, -5.442645e-01, -5.683991e-01,  1.252789e-01,
         -2.541935e+00, -6.798684e-02],
        [ 5.394957e-01, -6.022252e-01,  8.016201e-01,  3.139136e-01,
         -8.957995e-02, -7.830977e-01, -4.249750e-01, -8.876700e-01,
          4.968737e-02,  2.017979e-01],
        [-1.447886e-02,  1.469939e-01,  9.274634e-01,  7.910622e-01,
          1.392543e+00,  7.474293e-01,  7.727448e-01, -1.518595e+00,
         -1.172880e-01,  1.581662e+00],
        [-1.161881e+00,  6.466789e-01,  3.077456e-01, -2.862943e-01,
         -5.461674e-02, -3.129556e-01,  1.987793e-01, -2.048601e-01,
         -1.186098e-01,  1.191637e+00],
        [ 1.152004e+00, -1.132442e+00, -3.003775e-01, -9.388548e-01,
         -5.124266e-01, -1.060533e+00, -3.984271e-01,  2.779467e-01,
          2.238765e+00, -3.854749e-02],
        [-1.100409e+00,  2.508286e+00, -6.520255e-01, -9.797765e-01,
          1.828152e+00, -6.306680e-01,  2.450930e+00, -2.084396e+00,
         -5.999300e-01, -2.930273e-01],
        [ 2.113575e+00, -5.890837e-01,  5.487278e-01,  9.093273e-01,
          4.918976e-01,  2.206741e-01,  2.595014e+00,  6.162374e-01,
         -3.174689e-01,  2.368349e+00],
        [-1.600664e+00,  1.094090e-01,  9.240147e-01, -1.897337e+00,
         -3.549564e-01, -1.436810e+00, -1.043341e+00, -4.027829e-01,
          2.740779e-01, -1.559359e+00],
        [-2.130437e-01,  1.139839e-01,  2.060638e-01, -1.007143e+00,
          1.785571e+00, -3.560055e-01,  1.756175e-02,  5.613557e-01,
         -6.012880e-01,  1.982886e-01],
        [-1.198376e+00, -1.035068e+00, -7.810256e-01, -1.197135e+00,
         -2.314996e+00, -1.173368e+00,  1.152691e+00, -2.896376e-01,
          9.425138e-01, -8.060950e-01],
        [ 4.900161e-01, -1.206881e+00,  6.166807e-02, -1.109031e-01,
         -7.133523e-01,  4.184920e-01,  7.576815e-01,  9.828517e-01,
          4.055579e-02,  2.062399e-02],
        [-1.750733e+00,  1.639075e+00, -9.085592e-01,  6.474040e-01,
         -8.688634e-01, -5.753795e-01, -5.193880e-01, -8.122304e-01,
          3.416226e-01,  1.137833e+00],
        [-8.167875e-01,  6.604790e-01,  1.308307e-01,  4.233889e-02,
          6.663861e-01, -5.947428e-01,  5.167073e-02, -6.456681e-01,
          3.620659e-01, -7.674001e-01],
        [ 4.496708e-01,  2.609252e-01, -1.093343e+00, -4.857971e-01,
          6.680996e-02,  5.290470e-01,  1.329195e+00, -2.155660e+00,
         -1.499927e+00, -6.418479e-01],
        [-3.936372e-01,  5.790381e-01, -1.658116e+00, -1.417092e+00,
         -1.062408e-01,  3.074483e-01,  7.913120e-01, -6.195977e-01,
         -1.911124e-02,  1.816827e+00],
        [ 4.524192e-01, -5.735843e-01, -9.996191e-02,  9.393979e-01,
         -3.338787e-01, -5.954215e-01,  8.966038e-02,  1.135110e+00,
         -2.073884e+00,  1.208109e-01],
        [-9.347416e-01,  2.438034e+00, -3.372766e-01,  1.224988e+00,
          6.783906e-02,  9.135615e-01, -1.637006e+00, -1.852160e-01,
         -1.611032e+00,  5.433609e-01],
        [-1.669998e-01,  6.079955e-01, -7.807149e-01,  3.334394e-01,
         -9.743713e-01, -1.120496e+00, -6.580170e-01,  8.732539e-01,
          1.062401e+00,  4.229024e-01],
        [ 8.368071e-01,  3.811751e-01,  2.350384e-02, -5.689322e-01,
         -1.505032e+00, -5.604641e-01, -9.815137e-01,  3.140616e-01,
         -9.815872e-01,  8.983514e-01],
        [ 1.840700e-01,  7.115991e-02, -1.046464e-02, -7.643085e-02,
          7.767199e-01, -5.628556e-01,  5.659608e-01,  4.820023e-01,
         -1.514829e+00,  1.094193e-01],
        [-2.374579e+00, -1.288756e+00,  3.081957e-01, -8.372491e-01,
         -7.694903e-02,  1.831890e+00,  1.635642e+00, -1.966461e-01,
          4.139776e-01,  3.257919e-01],
        [-1.004194e+00, -5.638545e-02, -7.855174e-01,  1.189367e+00,
          3.563761e+00, -8.563545e-01,  1.208871e+00, -4.447188e-01,
         -2.212281e-01, -1.049850e+00],
        [ 7.077007e-02, -2.053102e+00,  4.053443e-01, -1.034046e+00,
         -6.657976e-02,  1.183896e+00, -1.625085e+00,  8.633682e-01,
          1.727220e-01, -9.810566e-01],
        [ 7.860638e-01,  2.373483e-01,  6.123321e-01, -9.764411e-01,
          6.914009e-01,  1.338272e+00, -5.999358e-01,  1.026737e+00,
         -6.350684e-01,  9.333608e-01],
        [ 1.872496e-01, -1.111364e+00,  9.259099e-01,  1.521444e+00,
          1.027670e+00, -5.538277e-01, -4.528056e-01,  6.262088e-01,
          9.120812e-01,  3.868628e-02],
        [-6.509944e-01, -7.860784e-01, -1.204364e-02, -1.389705e+00,
         -8.157315e-01, -6.557372e-01,  6.904553e-01,  1.065008e+00,
          1.597264e+00,  1.473140e+00],
        [-1.819015e+00, -1.055933e+00,  5.585827e-01,  9.618661e-01,
          1.329156e+00,  2.223039e+00, -1.020163e+00, -1.083842e+00,
          6.737548e-01, -1.021375e+00],
        [ 2.660964e-01, -4.527629e-01, -8.946960e-01, -6.110360e-01,
          8.184035e-01, -7.140943e-01,  4.186085e-01,  8.956445e-01,
         -1.007406e+00, -8.061100e-01],
        [-7.910321e-01,  1.004414e-01, -6.706945e-01, -1.277013e+00,
         -9.282361e-01, -5.786215e-01, -8.375118e-01, -2.822604e-01,
          4.472347e-01, -1.769959e+00],
        [ 2.234591e+00, -6.279222e-01,  4.794376e-01, -5.661187e-01,
          6.555462e-01, -3.491474e-01,  7.294403e-02, -1.958362e+00,
         -3.262433e-01, -3.128014e-01],
        [ 2.049940e+00, -7.609694e-01,  5.875638e-02, -1.427221e+00,
         -7.431595e-01,  2.902412e+00,  2.354401e+00,  5.839894e-01,
          1.134082e-01,  1.012548e+00],
        [-3.337200e-01, -5.182264e-01, -7.113850e-01, -1.573498e-01,
          1.744712e+00,  8.341892e-01, -1.106968e+00, -4.014929e-01,
          3.356473e-01, -2.885894e-01],
        [-1.019716e-01, -4.074695e-01,  2.863754e-01,  1.962923e-01,
          3.980460e-01,  1.631985e+00, -9.541069e-02, -7.745100e-01,
         -2.103778e-01, -2.858263e-01],
        [ 1.320698e+00, -3.413487e-01,  2.084334e+00,  1.329237e+00,
          3.112392e-01,  1.964552e+00, -1.049116e+00,  1.306242e+00,
          1.417129e+00, -5.094157e-01],
        [ 6.563231e-01,  4.716091e-01, -1.829759e-01, -4.898941e-01,
         -5.084489e-01, -9.086665e-01, -1.185151e+00,  4.856588e-01,
         -2.936524e-01,  7.757603e-01],
        [-1.178114e+00,  1.442006e+00,  1.063210e+00, -4.456020e-01,
          1.465710e+00, -3.098095e+00,  1.053955e+00, -6.476323e-01,
         -2.867187e+00, -1.076692e+00],
        [ 7.001324e-01, -8.354423e-01, -1.824586e-03, -1.117679e+00,
          1.191542e+00, -1.663736e+00,  1.483287e+00,  5.867218e-01,
         -5.423206e-01,  4.226815e-02],
        [-2.262431e+00,  9.672723e-01, -1.412232e+00, -4.273730e-01,
          5.719073e-01, -1.003565e-01, -7.628481e-01,  1.606869e+00,
         -1.213071e+00, -1.323327e-01],
        [-1.432285e+00,  2.248519e-01,  3.137775e-01, -1.394485e+00,
         -1.803055e+00,  7.250924e-01,  6.025642e-01,  2.652072e-01,
          3.538427e-01,  9.953687e-01],
        [ 9.288126e-01,  1.856907e+00,  1.208869e+00,  7.310364e-02,
          4.226788e-01,  1.917494e+00, -4.909564e-01,  5.636466e-01,
         -8.337569e-01,  4.098799e-01],
        [ 8.906345e-01, -2.528394e-01,  9.919568e-01,  1.070891e+00,
          8.324752e-02,  1.388862e+00, -6.956249e-01,  8.461509e-01,
          2.317973e-01,  5.978295e-01],
        [-1.666307e+00, -6.497736e-01, -1.323408e+00,  1.540440e+00,
          5.126455e-01, -2.113101e-01, -8.798086e-01, -1.195747e+00,
         -3.747997e-02, -4.311070e-01],
        [ 5.207818e-01,  2.902106e-01,  1.254400e+00, -9.782897e-01,
          8.225429e-01, -4.477242e-01, -2.288241e+00,  1.635231e+00,
          2.995824e-01,  1.574605e+00],
        [-1.224751e+00, -9.632043e-01, -4.683703e-01,  8.577906e-01,
         -1.627412e-02, -3.377086e-01,  8.602045e-01,  9.902233e-01,
         -9.197798e-01,  4.519533e-01],
        [ 1.245137e+00,  4.987886e-01,  7.545791e-01,  1.948171e+00,
          2.527622e-01,  1.597118e+00, -3.964930e-01,  1.876325e+00,
          7.462996e-01,  2.590782e+00],
        [ 2.171884e-01,  6.852911e-01, -1.223812e+00, -2.351603e-01,
         -2.447884e-02, -4.186031e-01,  2.914631e-01,  2.071013e-01,
         -2.710473e-01,  2.313379e+00],
        [-3.960536e-01,  1.064685e-01, -4.359960e-01, -6.680021e-01,
         -9.779028e-01, -1.960088e+00,  1.048183e+00, -8.385205e-01,
          8.714831e-01,  8.588637e-01],
        [-1.681584e+00, -7.057462e-01, -8.717630e-02, -1.386544e+00,
          7.931100e-01,  7.893572e-02,  1.748650e+00, -1.763502e+00,
         -1.659386e-01, -8.204883e-01],
        [-9.235818e-01, -2.752442e-01, -1.397226e+00,  1.514286e+00,
          6.894323e-01,  1.172823e+00,  1.045959e+00, -9.668089e-01,
          1.539479e+00,  4.206058e-01],
        [-2.802046e+00, -5.405937e-01,  7.124843e-01, -1.399762e+00,
          1.693246e+00, -1.634361e+00, -1.421376e+00, -1.133986e+00,
          4.533474e-01, -7.153032e-01],
        [ 1.849005e-01,  4.113963e-01,  8.468050e-01,  5.549420e-01,
          1.002524e+00, -1.403505e+00, -1.012827e+00,  1.704238e+00,
          4.672305e-02,  5.925613e-02],
        [ 1.479010e+00, -5.816568e-01,  2.475722e-01,  9.569854e-01,
          8.001437e-01,  4.561547e-01,  1.809698e-01,  9.932567e-01,
          1.106796e-01, -5.651152e-02],
        [-3.298209e-01, -6.205481e-01, -9.273910e-01,  1.162514e+00,
          1.484134e-01, -3.892317e-01,  1.057579e+00,  8.955940e-02,
         -9.275162e-01,  2.773846e-01],
        [-1.806086e-01,  3.169359e-02, -4.000529e-01,  3.118529e+00,
         -8.278717e-01,  4.876120e-01, -1.136596e+00, -2.027813e+00,
          6.236186e-01, -1.147320e+00],
        [-2.519308e+00, -2.255462e-01,  8.027772e-01, -9.126084e-01,
          2.048893e+00, -9.103226e-01,  2.361082e+00,  1.107044e+00,
         -1.362308e+00,  7.763140e-01],
        [-1.487002e+00, -1.616165e+00,  2.325699e-01, -1.841453e-01,
         -7.651011e-01, -1.030701e-01,  4.954244e-01, -5.896615e-01,
         -1.022622e+00,  1.699184e+00],
        [-7.256460e-01, -6.305570e-01, -3.194676e+00,  3.046879e-01,
         -1.862653e+00,  3.926207e-01,  3.360613e-02,  8.301958e-01,
         -1.071760e-01,  1.836392e-01],
        [-1.879485e-01,  5.804467e-01,  4.156540e-02,  8.345680e-01,
         -5.225780e-02,  1.099849e+00,  3.665144e-01,  2.620926e-01,
         -1.211406e+00, -1.198193e+00],
        [-6.358064e-01, -9.038689e-01,  2.071749e+00, -1.140401e+00,
         -3.134390e-01,  1.350505e+00, -2.100154e-01, -4.738843e-01,
          3.883649e-01,  1.409016e+00],
        [ 1.217160e+00, -1.111604e-01,  4.510404e-01, -3.407259e-01,
          2.218043e+00, -1.695091e+00, -1.595150e+00, -5.342846e-01,
         -7.387996e-01,  7.790688e-01],
        [ 1.225522e+00, -1.465030e+00,  8.946083e-01,  2.591154e-01,
          3.965528e-02,  1.449617e-02, -3.059989e-02,  8.008810e-01,
         -1.560265e+00, -1.815749e-02],
        [ 2.120586e-01, -4.825400e-01, -1.013556e+00, -2.071050e-02,
         -6.692281e-02, -5.741147e-01, -1.590124e-01,  8.010060e-01,
         -8.479208e-01,  1.737431e+00],
        [-1.131023e+00, -7.536204e-02, -5.193720e-01,  1.600827e+00,
          3.619202e-01, -3.067862e-01,  1.150899e+00,  9.999087e-02,
         -9.377542e-01, -8.179957e-01],
        [-1.506608e+00,  3.600270e-01,  9.985798e-01, -1.727375e+00,
         -5.165347e-01,  5.412632e-01, -8.016117e-01, -1.381076e-01,
         -9.031017e-01,  5.192214e-01],
        [ 1.325770e-02, -1.421332e+00,  4.890683e-01, -8.346902e-01,
         -2.523805e+00,  3.073753e-01,  1.956055e+00, -1.282314e+00,
         -1.514636e+00,  6.843164e-01],
        [ 1.519792e+00,  1.230580e+00,  5.690592e-01, -6.048902e-01,
         -1.108161e-01,  1.238215e+00, -3.835351e-01, -1.057009e-01,
          8.729330e-01, -6.395252e-01],
        [-4.447375e-01, -1.015217e+00, -2.001909e+00,  4.533587e-01,
          1.325920e+00, -3.061793e-01,  2.394943e+00, -7.848179e-01,
          2.281999e+00, -1.040815e+00]], device='cuda:0')), ('linears_prediction_reg.0.weight', tensor([[-0.263302, -0.257179, -0.356924,  0.472875,  0.178657,  0.310242,
          0.263077, -0.196394, -0.165913, -0.037611]], device='cuda:0')), ('linears_prediction_reg.0.bias', tensor([0.329518], device='cuda:0')), ('linears_prediction_class.0.weight', tensor([[ 0.022121,  0.222811, -0.172658, -0.089834, -0.180272, -0.019179,
          0.105974,  0.021133, -0.105745, -0.463989],
        [-0.001574,  0.215447, -0.240020,  0.174778, -0.202408, -0.074705,
          0.197003,  0.039231, -0.061638, -0.164109]], device='cuda:0')), ('linears_prediction_class.0.bias', tensor([ 1.137575, -0.896410], device='cuda:0'))])