OrderedDict([('ginlayers.0.eps', tensor([-0.872011], device='cuda:0')), ('ginlayers.0.apply_func.mlp.linear.weight', tensor([[-0.092343,  0.057909, -0.329250, -0.553967,  0.077604, -0.139992,
          0.043693,  0.290273,  0.332054, -0.318374],
        [-0.078367,  0.114219,  0.261850,  0.296489, -0.068555, -0.030160,
          0.132397,  0.150434,  0.470012, -0.331026],
        [ 0.043665, -0.104699,  0.289593,  0.072723,  0.046025, -0.407760,
         -0.057696, -0.072880,  0.048516, -0.053820],
        [-0.146616,  0.007975,  0.159690, -0.141905, -0.417263,  0.137211,
         -0.052451, -0.065920,  0.068192, -0.299156],
        [-0.305298,  0.068188, -0.525685, -0.103182, -0.203761,  0.199706,
         -0.045088,  0.082447, -0.050218,  0.118282],
        [ 0.400113,  0.112166,  0.166293, -0.103099, -0.199584, -0.318599,
          0.147699,  0.305309, -0.085295, -0.043215],
        [ 0.146110,  0.163186,  0.035829,  0.090848,  0.207461, -0.179592,
         -0.035518,  0.384010,  0.164917,  0.002029],
        [-0.035032, -0.013933, -0.035233, -0.331631,  0.191167,  0.043023,
          0.288940, -0.415167, -0.353644, -0.216186],
        [ 0.232385,  0.033763, -0.220629,  0.256461, -0.432501,  0.021264,
          0.386262,  0.085541,  0.127397,  0.073330],
        [-0.048017, -0.257250, -0.672773, -0.187103, -0.030571,  0.062210,
         -0.122094,  0.246251,  0.233964, -0.001487]], device='cuda:0')), ('ginlayers.0.apply_func.mlp.linear.bias', tensor([ 0.042208,  0.152080, -0.275703,  0.087908,  0.160302, -0.222563,
        -0.239712, -0.163831, -0.334052, -0.363083], device='cuda:0')), ('ginlayers.0.bn_node_h.weight', tensor([1.085604, 0.809296, 0.872736, 1.209370, 1.004953, 1.087728, 1.022085,
        0.977374, 1.060063, 1.069003], device='cuda:0')), ('ginlayers.0.bn_node_h.bias', tensor([-0.260267,  0.030790, -0.015655,  0.250287, -0.339427, -0.035520,
         0.315417,  0.035515, -0.177116,  0.228773], device='cuda:0')), ('ginlayers.0.bn_node_h.running_mean', tensor([ 0.863096, -0.017364, -0.540103,  0.177577,  1.232430, -0.454630,
        -0.338761, -0.283824,  0.008268,  1.093050], device='cuda:0')), ('ginlayers.0.bn_node_h.running_var', tensor([0.825205, 0.234597, 0.369525, 0.711360, 0.376553, 0.943509, 0.660186,
        0.209588, 0.706110, 0.787679], device='cuda:0')), ('ginlayers.0.bn_node_h.num_batches_tracked', tensor(24108, device='cuda:0')), ('ginlayers.1.eps', tensor([-0.389046], device='cuda:0')), ('ginlayers.1.apply_func.mlp.linear.weight', tensor([[ 0.153440, -0.195071,  0.074199,  0.326321,  0.311381,  0.457194,
          0.150948, -0.159402, -0.133878, -0.047794],
        [ 0.318408, -0.144155, -0.306773,  0.318560,  0.115810,  0.054123,
          0.109221, -0.215013,  0.267040, -0.242605],
        [-0.525807, -0.261554,  0.139015,  0.085901, -0.130091,  0.088625,
          0.306850,  0.291508,  0.046295, -0.187977],
        [ 0.145601, -0.141549, -0.384023, -0.195324,  0.428390,  0.035891,
         -0.263366, -0.204645, -0.096071, -0.115453],
        [ 0.118955,  0.079805,  0.395911, -0.166744, -0.412559,  0.140152,
         -0.297992,  0.227148, -0.129896,  0.176662],
        [-0.047532, -0.400073, -0.422386, -0.243957,  0.074243, -0.342566,
         -0.126096, -0.045859, -0.331548,  0.094510],
        [-0.262932, -0.003290, -0.053093,  0.149962,  0.189616, -0.008063,
          0.055510, -0.204332, -0.029425,  0.455906],
        [ 0.181461,  0.087279, -0.102718,  0.315183, -0.004146,  0.268139,
          0.123047,  0.029843, -0.467385, -0.306997],
        [-0.081164,  0.177946, -0.018691, -0.027601, -0.495166, -0.262012,
         -0.067713,  0.005279, -0.405827,  0.329934],
        [ 0.349749, -0.183942,  0.339963, -0.178191,  0.161419,  0.117635,
         -0.088542,  0.148180,  0.086241, -0.407102]], device='cuda:0')), ('ginlayers.1.apply_func.mlp.linear.bias', tensor([-0.135239,  0.340704, -0.058723,  0.068820, -0.363025, -0.093608,
        -0.102703, -0.054142,  0.138060,  0.154282], device='cuda:0')), ('ginlayers.1.bn_node_h.weight', tensor([0.956062, 0.882128, 0.875605, 1.151350, 1.228546, 1.115937, 1.228570,
        1.094742, 1.069365, 1.274167], device='cuda:0')), ('ginlayers.1.bn_node_h.bias', tensor([-0.136850, -0.139477,  0.026207,  0.257553, -0.352269,  0.152749,
         0.180380,  0.068770, -0.067167,  0.030975], device='cuda:0')), ('ginlayers.1.bn_node_h.running_mean', tensor([ 0.371219,  1.013421,  1.142877, -0.550236, -1.229835, -0.151945,
         0.320875,  0.483048, -0.099722, -0.717696], device='cuda:0')), ('ginlayers.1.bn_node_h.running_var', tensor([0.551071, 0.408460, 0.521558, 0.786539, 0.660724, 3.240357, 0.375602,
        0.792182, 0.515482, 0.538496], device='cuda:0')), ('ginlayers.1.bn_node_h.num_batches_tracked', tensor(24108, device='cuda:0')), ('embedding_h.weight', tensor([[ 8.424891e-03, -6.179009e-01, -1.716906e+00, -5.655324e-03,
          2.803176e-01, -1.533947e+00,  4.067007e-01,  1.457731e+00,
         -6.708868e-01, -3.451642e-01],
        [-1.075843e+00, -8.590025e-01, -7.496799e-01,  2.340739e-02,
         -1.760505e-01, -1.382855e-01, -3.937937e-01, -9.119996e-01,
          9.417704e-02, -5.498719e-01],
        [-2.461226e-01, -1.447544e+00,  5.434402e-02,  7.459463e-01,
         -2.172718e+00,  1.215557e+00,  8.205786e-01, -6.280044e-01,
          6.384892e-01,  1.365026e+00],
        [-1.226032e+00,  1.619907e+00, -4.451599e-01, -4.022222e-01,
         -1.332237e+00,  2.643727e+00,  1.574700e+00, -5.381684e-01,
          1.209997e+00,  3.689627e-01],
        [-1.339044e+00, -9.690621e-01, -9.716167e-02,  8.011612e-01,
         -3.835945e-01,  7.822085e-01, -1.828489e+00,  8.564622e-01,
         -7.843991e-01, -1.636433e+00],
        [ 9.574944e-01, -1.982393e-01,  1.190609e+00, -9.186370e-01,
         -9.343942e-01, -7.173116e-01,  7.864542e-02, -1.647239e+00,
         -7.687210e-01, -9.531088e-01],
        [ 9.425501e-01,  1.072968e+00,  1.303140e+00, -7.569935e-01,
          7.634071e-01, -4.779831e-01, -1.371599e+00,  3.820674e-01,
          1.586834e+00, -4.877505e-01],
        [ 6.784595e-01, -4.995150e-01,  6.803116e-01, -1.217776e+00,
          8.523451e-02, -1.632853e+00,  6.558673e-01,  8.249412e-01,
         -1.628615e+00, -1.452785e+00],
        [-2.429236e-01, -5.362094e-01,  2.837828e-01,  1.753422e-01,
         -1.157331e+00,  5.100506e-02,  1.396640e+00, -1.016239e+00,
         -8.347716e-01, -6.882108e-01],
        [-2.354870e-01, -5.725425e-01,  4.247485e-01,  1.528003e+00,
         -3.044674e+00,  9.140550e-02,  3.565676e-01,  3.622047e-01,
          1.364587e+00, -2.970530e-01],
        [ 4.819919e-01, -1.109791e+00,  4.591663e-01,  7.231333e-01,
          6.305769e-01, -2.925338e-01,  3.233570e-01,  1.957229e+00,
          1.446793e+00,  2.824822e-01],
        [ 3.258045e-01, -7.638367e-02,  9.301972e-01, -4.056928e-01,
         -1.659288e+00, -1.244735e+00,  5.947918e-01, -2.234489e-01,
         -1.243383e+00, -3.212820e-01],
        [-1.651083e-01,  1.323295e+00,  1.585084e+00, -1.233069e+00,
         -7.304064e-01,  1.574080e-01,  5.441190e-01, -1.320652e-01,
         -8.879355e-02, -1.645914e+00],
        [ 6.558045e-01,  1.015978e+00,  1.106141e+00,  7.462099e-01,
         -4.322817e-01, -4.572776e-01, -2.229530e+00,  4.513166e-01,
          1.677862e+00, -3.443488e-01],
        [-8.004947e-02, -6.652924e-02, -3.283807e-02, -4.941361e-01,
         -8.299545e-04, -3.104139e+00, -6.653413e-01,  4.678945e-01,
          6.291254e-01,  1.323520e+00],
        [ 1.144278e+00,  1.652883e+00,  2.274460e+00,  1.233547e+00,
         -1.134364e+00, -4.666139e-01, -2.474547e+00, -1.568039e+00,
          1.968013e-01,  4.419967e-01],
        [ 2.270691e-01,  7.551363e-01,  9.078355e-01, -2.220849e-01,
         -5.369831e-01, -1.080921e+00, -3.957238e-01,  9.411467e-01,
          1.124133e+00, -5.771162e-02],
        [ 8.291593e-01,  5.956788e-01,  1.948192e+00, -7.993006e-01,
          2.577207e+00,  4.512666e-01,  1.354151e+00,  1.146699e-01,
          2.118832e+00,  1.207987e+00],
        [ 2.054649e-01, -1.452245e-02,  1.880253e-01, -9.498794e-02,
         -8.983722e-01, -1.885747e+00, -6.266634e-01,  1.545992e+00,
          5.545465e-01, -1.161421e+00],
        [ 7.855610e-01,  1.690682e+00,  2.097439e+00,  5.634353e-01,
         -1.334303e+00, -5.383470e-01,  5.549463e-01,  1.452506e+00,
         -5.595595e-01, -4.374106e-01],
        [ 1.520770e+00,  1.106515e+00,  1.147229e+00, -7.526945e-01,
          4.106390e-01,  4.758853e-02, -8.278886e-01, -4.257329e-01,
          8.557902e-01, -1.791645e+00],
        [ 7.813617e-01,  7.950093e-01,  3.038015e-01, -3.876265e-01,
         -1.196492e+00, -1.268222e+00,  1.017556e+00, -8.709347e-02,
         -2.008989e+00, -2.672664e-01],
        [ 1.002268e+00,  1.908132e+00, -3.590936e-01,  1.528250e-01,
          7.196763e-01, -2.133866e+00, -5.953120e-01, -4.257606e-01,
          8.820132e-01, -1.044912e+00],
        [ 1.536790e+00, -6.201234e-01,  1.930956e+00, -1.580870e-01,
          3.378321e-01,  8.694811e-01,  1.630290e-01, -8.166788e-01,
         -5.042578e-01, -1.442434e+00],
        [-1.564999e-01,  7.372368e-01,  1.444403e-01,  3.941202e-01,
         -1.607628e+00, -1.013363e+00,  1.205376e-01,  5.752208e-01,
          1.354878e+00, -6.606423e-01],
        [ 2.952982e-01,  1.910322e+00,  9.732187e-01, -1.176741e-01,
         -4.066799e-01, -1.305929e+00, -1.348226e+00,  1.593920e-01,
          4.541610e-01, -7.445236e-01],
        [-6.133272e-03,  5.650406e-01,  1.075626e+00, -8.146905e-01,
         -2.126048e+00, -3.020378e-02,  1.088153e+00,  2.498594e-03,
          1.091941e+00, -6.350443e-01],
        [ 4.027331e-01, -1.167687e-01,  1.131820e+00, -3.649085e-01,
          6.177962e-01,  1.538628e+00,  6.581141e-01, -1.090233e+00,
         -1.039003e+00, -1.306560e+00],
        [ 1.147760e+00,  8.168375e-01, -1.110826e-01, -1.419459e-01,
         -2.323471e-01, -1.942694e+00,  2.718681e-01,  1.228352e-01,
          5.501857e-01, -6.983858e-01],
        [ 1.208016e-01, -1.058542e+00,  8.244056e-01, -4.558240e-01,
         -1.442933e+00, -1.619536e+00,  1.983694e-01, -4.656359e-01,
          1.633176e+00,  3.444603e-01],
        [-1.053875e+00,  4.879291e-01,  1.114757e+00,  4.899035e-01,
         -1.247592e-01,  1.121230e+00,  5.015824e-01,  5.711265e-01,
          5.471207e-03, -7.392161e-01],
        [ 5.731432e-01, -2.441233e+00, -4.202430e-02,  1.154452e+00,
         -1.143208e-01,  1.102326e+00,  5.032036e-01, -2.916500e-01,
          1.359670e-01, -1.347159e+00],
        [ 1.442569e+00,  3.805921e+00,  6.290258e-02,  1.204403e+00,
          2.951540e-01, -8.189109e-01,  6.891816e-01, -1.358713e+00,
         -1.038244e+00, -1.098600e-01],
        [ 5.784693e-01,  1.860148e+00, -4.084269e-01, -1.000135e+00,
          1.760805e+00,  2.209558e-01, -1.204909e+00, -1.650115e+00,
          1.045692e+00, -8.164357e-01],
        [-9.902298e-01,  1.910240e-01,  8.987184e-01,  3.622094e-02,
         -4.161246e-01, -3.017330e-01, -4.354696e-01,  6.253673e-01,
          6.465882e-01,  4.752694e-01],
        [ 2.771676e-02,  6.680433e-03, -7.121907e-01,  1.643784e+00,
         -6.788615e-01, -5.062667e-01,  8.100609e-03, -6.900263e-01,
          1.694671e+00,  4.426816e-01],
        [-9.745206e-01, -1.928863e-01, -6.442084e-01, -1.774059e+00,
          1.315200e+00,  3.068653e-01,  8.014017e-01, -3.623324e-01,
          1.401981e+00,  9.461451e-01],
        [-4.195370e-01, -6.321334e-01,  1.113846e+00,  6.618471e-01,
          9.843305e-01,  2.611437e-01,  2.469035e-01, -1.342324e-01,
         -2.863404e-02, -7.180651e-01],
        [ 1.235913e+00,  1.852161e+00,  4.121960e-01, -4.761031e-01,
         -1.906191e-01, -3.194219e-01, -3.965290e-01, -8.705665e-02,
          2.018935e+00,  1.550622e-01],
        [ 1.666401e+00,  7.795410e-01, -2.111291e-01, -5.750560e-01,
          1.784011e+00,  3.719463e-01, -3.505918e-01, -5.825707e-01,
         -5.271447e-02, -5.232213e-01],
        [-4.309868e-01, -5.569398e-01,  1.604734e-01,  4.444605e-01,
          1.131619e+00, -7.834747e-01,  1.236506e+00, -2.016095e+00,
          7.069468e-01, -2.233105e+00],
        [ 7.940735e-01,  7.072241e-01, -3.994589e-01, -6.592527e-01,
         -9.549861e-02, -2.147067e+00,  6.750216e-01, -7.674860e-01,
         -1.801538e-01,  3.033834e-01],
        [ 2.347194e-01, -4.071849e-01,  2.731500e-01,  2.186192e-03,
          5.234973e-01, -5.442645e-01, -5.683991e-01,  1.252789e-01,
         -2.541935e+00, -6.798684e-02],
        [ 5.394957e-01, -6.022252e-01,  8.016201e-01,  3.139136e-01,
         -8.957995e-02, -7.830977e-01, -4.249750e-01, -8.876700e-01,
          4.968737e-02,  2.017979e-01],
        [-1.447886e-02,  1.469939e-01,  9.274634e-01,  7.910622e-01,
          1.392543e+00,  7.474293e-01,  7.727448e-01, -1.518595e+00,
         -1.172880e-01,  1.581662e+00],
        [-1.161881e+00,  6.466789e-01,  3.077456e-01, -2.862943e-01,
         -5.461674e-02, -3.129556e-01,  1.987793e-01, -2.048601e-01,
         -1.186098e-01,  1.191637e+00],
        [ 1.152004e+00, -1.132442e+00, -3.003775e-01, -9.388548e-01,
         -5.124266e-01, -1.060533e+00, -3.984271e-01,  2.779467e-01,
          2.238765e+00, -3.854749e-02],
        [-1.100409e+00,  2.508286e+00, -6.520255e-01, -9.797765e-01,
          1.828152e+00, -6.306680e-01,  2.450930e+00, -2.084396e+00,
         -5.999300e-01, -2.930273e-01],
        [ 2.113575e+00, -5.890837e-01,  5.487278e-01,  9.093273e-01,
          4.918976e-01,  2.206741e-01,  2.595014e+00,  6.162374e-01,
         -3.174689e-01,  2.368349e+00],
        [-1.600664e+00,  1.094090e-01,  9.240147e-01, -1.897337e+00,
         -3.549564e-01, -1.436810e+00, -1.043341e+00, -4.027829e-01,
          2.740779e-01, -1.559359e+00],
        [-2.130437e-01,  1.139839e-01,  2.060638e-01, -1.007143e+00,
          1.785571e+00, -3.560055e-01,  1.756175e-02,  5.613557e-01,
         -6.012880e-01,  1.982886e-01],
        [-1.198376e+00, -1.035068e+00, -7.810256e-01, -1.197135e+00,
         -2.314996e+00, -1.173368e+00,  1.152691e+00, -2.896376e-01,
          9.425138e-01, -8.060950e-01],
        [ 4.900161e-01, -1.206881e+00,  6.166807e-02, -1.109031e-01,
         -7.133523e-01,  4.184920e-01,  7.576815e-01,  9.828517e-01,
          4.055579e-02,  2.062399e-02],
        [-1.750733e+00,  1.639075e+00, -9.085592e-01,  6.474040e-01,
         -8.688634e-01, -5.753795e-01, -5.193880e-01, -8.122304e-01,
          3.416226e-01,  1.137833e+00],
        [-8.167875e-01,  6.604790e-01,  1.308307e-01,  4.233889e-02,
          6.663861e-01, -5.947428e-01,  5.167073e-02, -6.456681e-01,
          3.620659e-01, -7.674001e-01],
        [ 4.496708e-01,  2.609252e-01, -1.093343e+00, -4.857971e-01,
          6.680996e-02,  5.290470e-01,  1.329195e+00, -2.155660e+00,
         -1.499927e+00, -6.418479e-01],
        [-3.936372e-01,  5.790381e-01, -1.658116e+00, -1.417092e+00,
         -1.062408e-01,  3.074483e-01,  7.913120e-01, -6.195977e-01,
         -1.911124e-02,  1.816827e+00],
        [ 4.524192e-01, -5.735843e-01, -9.996191e-02,  9.393979e-01,
         -3.338787e-01, -5.954215e-01,  8.966038e-02,  1.135110e+00,
         -2.073884e+00,  1.208109e-01],
        [-9.347416e-01,  2.438034e+00, -3.372766e-01,  1.224988e+00,
          6.783906e-02,  9.135615e-01, -1.637006e+00, -1.852160e-01,
         -1.611032e+00,  5.433609e-01],
        [-1.669998e-01,  6.079955e-01, -7.807149e-01,  3.334394e-01,
         -9.743713e-01, -1.120496e+00, -6.580170e-01,  8.732539e-01,
          1.062401e+00,  4.229024e-01],
        [ 8.368071e-01,  3.811751e-01,  2.350384e-02, -5.689322e-01,
         -1.505032e+00, -5.604641e-01, -9.815137e-01,  3.140616e-01,
         -9.815872e-01,  8.983514e-01],
        [ 1.840700e-01,  7.115991e-02, -1.046464e-02, -7.643085e-02,
          7.767199e-01, -5.628556e-01,  5.659608e-01,  4.820023e-01,
         -1.514829e+00,  1.094193e-01],
        [-2.374579e+00, -1.288756e+00,  3.081957e-01, -8.372491e-01,
         -7.694903e-02,  1.831890e+00,  1.635642e+00, -1.966461e-01,
          4.139776e-01,  3.257919e-01],
        [-1.004194e+00, -5.638545e-02, -7.855174e-01,  1.189367e+00,
          3.563761e+00, -8.563545e-01,  1.208871e+00, -4.447188e-01,
         -2.212281e-01, -1.049850e+00],
        [ 7.077007e-02, -2.053102e+00,  4.053443e-01, -1.034046e+00,
         -6.657976e-02,  1.183896e+00, -1.625085e+00,  8.633682e-01,
          1.727220e-01, -9.810566e-01],
        [ 7.860638e-01,  2.373483e-01,  6.123321e-01, -9.764411e-01,
          6.914009e-01,  1.338272e+00, -5.999358e-01,  1.026737e+00,
         -6.350684e-01,  9.333608e-01],
        [ 1.872496e-01, -1.111364e+00,  9.259099e-01,  1.521444e+00,
          1.027670e+00, -5.538277e-01, -4.528056e-01,  6.262088e-01,
          9.120812e-01,  3.868628e-02],
        [-6.509944e-01, -7.860784e-01, -1.204364e-02, -1.389705e+00,
         -8.157315e-01, -6.557372e-01,  6.904553e-01,  1.065008e+00,
          1.597264e+00,  1.473140e+00],
        [-1.819015e+00, -1.055933e+00,  5.585827e-01,  9.618661e-01,
          1.329156e+00,  2.223039e+00, -1.020163e+00, -1.083842e+00,
          6.737548e-01, -1.021375e+00],
        [ 2.660964e-01, -4.527629e-01, -8.946960e-01, -6.110360e-01,
          8.184035e-01, -7.140943e-01,  4.186085e-01,  8.956445e-01,
         -1.007406e+00, -8.061100e-01],
        [-7.910321e-01,  1.004414e-01, -6.706945e-01, -1.277013e+00,
         -9.282361e-01, -5.786215e-01, -8.375118e-01, -2.822604e-01,
          4.472347e-01, -1.769959e+00],
        [ 2.234591e+00, -6.279222e-01,  4.794376e-01, -5.661187e-01,
          6.555462e-01, -3.491474e-01,  7.294403e-02, -1.958362e+00,
         -3.262433e-01, -3.128014e-01],
        [ 2.049940e+00, -7.609694e-01,  5.875638e-02, -1.427221e+00,
         -7.431595e-01,  2.902412e+00,  2.354401e+00,  5.839894e-01,
          1.134082e-01,  1.012548e+00],
        [-3.337200e-01, -5.182264e-01, -7.113850e-01, -1.573498e-01,
          1.744712e+00,  8.341892e-01, -1.106968e+00, -4.014929e-01,
          3.356473e-01, -2.885894e-01],
        [-1.019716e-01, -4.074695e-01,  2.863754e-01,  1.962923e-01,
          3.980460e-01,  1.631985e+00, -9.541069e-02, -7.745100e-01,
         -2.103778e-01, -2.858263e-01],
        [ 1.320698e+00, -3.413487e-01,  2.084334e+00,  1.329237e+00,
          3.112392e-01,  1.964552e+00, -1.049116e+00,  1.306242e+00,
          1.417129e+00, -5.094157e-01],
        [ 6.563231e-01,  4.716091e-01, -1.829759e-01, -4.898941e-01,
         -5.084489e-01, -9.086665e-01, -1.185151e+00,  4.856588e-01,
         -2.936524e-01,  7.757603e-01],
        [-1.178114e+00,  1.442006e+00,  1.063210e+00, -4.456020e-01,
          1.465710e+00, -3.098095e+00,  1.053955e+00, -6.476323e-01,
         -2.867187e+00, -1.076692e+00],
        [ 7.001324e-01, -8.354423e-01, -1.824586e-03, -1.117679e+00,
          1.191542e+00, -1.663736e+00,  1.483287e+00,  5.867218e-01,
         -5.423206e-01,  4.226815e-02],
        [-2.262431e+00,  9.672723e-01, -1.412232e+00, -4.273730e-01,
          5.719073e-01, -1.003565e-01, -7.628481e-01,  1.606869e+00,
         -1.213071e+00, -1.323327e-01],
        [-1.432285e+00,  2.248519e-01,  3.137775e-01, -1.394485e+00,
         -1.803055e+00,  7.250924e-01,  6.025642e-01,  2.652072e-01,
          3.538427e-01,  9.953687e-01],
        [ 9.288126e-01,  1.856907e+00,  1.208869e+00,  7.310364e-02,
          4.226788e-01,  1.917494e+00, -4.909564e-01,  5.636466e-01,
         -8.337569e-01,  4.098799e-01],
        [ 8.906345e-01, -2.528394e-01,  9.919568e-01,  1.070891e+00,
          8.324752e-02,  1.388862e+00, -6.956249e-01,  8.461509e-01,
          2.317973e-01,  5.978295e-01],
        [-1.666307e+00, -6.497736e-01, -1.323408e+00,  1.540440e+00,
          5.126455e-01, -2.113101e-01, -8.798086e-01, -1.195747e+00,
         -3.747997e-02, -4.311070e-01],
        [ 5.207818e-01,  2.902106e-01,  1.254400e+00, -9.782897e-01,
          8.225429e-01, -4.477242e-01, -2.288241e+00,  1.635231e+00,
          2.995824e-01,  1.574605e+00],
        [-1.224751e+00, -9.632043e-01, -4.683703e-01,  8.577906e-01,
         -1.627412e-02, -3.377086e-01,  8.602045e-01,  9.902233e-01,
         -9.197798e-01,  4.519533e-01],
        [ 1.245137e+00,  4.987886e-01,  7.545791e-01,  1.948171e+00,
          2.527622e-01,  1.597118e+00, -3.964930e-01,  1.876325e+00,
          7.462996e-01,  2.590782e+00],
        [ 2.171884e-01,  6.852911e-01, -1.223812e+00, -2.351603e-01,
         -2.447884e-02, -4.186031e-01,  2.914631e-01,  2.071013e-01,
         -2.710473e-01,  2.313379e+00],
        [-3.960536e-01,  1.064685e-01, -4.359960e-01, -6.680021e-01,
         -9.779028e-01, -1.960088e+00,  1.048183e+00, -8.385205e-01,
          8.714831e-01,  8.588637e-01],
        [-1.681584e+00, -7.057462e-01, -8.717630e-02, -1.386544e+00,
          7.931100e-01,  7.893572e-02,  1.748650e+00, -1.763502e+00,
         -1.659386e-01, -8.204883e-01],
        [-9.235818e-01, -2.752442e-01, -1.397226e+00,  1.514286e+00,
          6.894323e-01,  1.172823e+00,  1.045959e+00, -9.668089e-01,
          1.539479e+00,  4.206058e-01],
        [-2.802046e+00, -5.405937e-01,  7.124843e-01, -1.399762e+00,
          1.693246e+00, -1.634361e+00, -1.421376e+00, -1.133986e+00,
          4.533474e-01, -7.153032e-01],
        [ 1.849005e-01,  4.113963e-01,  8.468050e-01,  5.549420e-01,
          1.002524e+00, -1.403505e+00, -1.012827e+00,  1.704238e+00,
          4.672305e-02,  5.925613e-02],
        [ 1.479010e+00, -5.816568e-01,  2.475722e-01,  9.569854e-01,
          8.001437e-01,  4.561547e-01,  1.809698e-01,  9.932567e-01,
          1.106796e-01, -5.651152e-02],
        [-3.298209e-01, -6.205481e-01, -9.273910e-01,  1.162514e+00,
          1.484134e-01, -3.892317e-01,  1.057579e+00,  8.955940e-02,
         -9.275162e-01,  2.773846e-01],
        [-1.806086e-01,  3.169359e-02, -4.000529e-01,  3.118529e+00,
         -8.278717e-01,  4.876120e-01, -1.136596e+00, -2.027813e+00,
          6.236186e-01, -1.147320e+00],
        [-2.519308e+00, -2.255462e-01,  8.027772e-01, -9.126084e-01,
          2.048893e+00, -9.103226e-01,  2.361082e+00,  1.107044e+00,
         -1.362308e+00,  7.763140e-01],
        [-1.487002e+00, -1.616165e+00,  2.325699e-01, -1.841453e-01,
         -7.651011e-01, -1.030701e-01,  4.954244e-01, -5.896615e-01,
         -1.022622e+00,  1.699184e+00],
        [-7.256460e-01, -6.305570e-01, -3.194676e+00,  3.046879e-01,
         -1.862653e+00,  3.926207e-01,  3.360613e-02,  8.301958e-01,
         -1.071760e-01,  1.836392e-01],
        [-1.879485e-01,  5.804467e-01,  4.156540e-02,  8.345680e-01,
         -5.225780e-02,  1.099849e+00,  3.665144e-01,  2.620926e-01,
         -1.211406e+00, -1.198193e+00],
        [-6.358064e-01, -9.038689e-01,  2.071749e+00, -1.140401e+00,
         -3.134390e-01,  1.350505e+00, -2.100154e-01, -4.738843e-01,
          3.883649e-01,  1.409016e+00],
        [ 1.217160e+00, -1.111604e-01,  4.510404e-01, -3.407259e-01,
          2.218043e+00, -1.695091e+00, -1.595150e+00, -5.342846e-01,
         -7.387996e-01,  7.790688e-01],
        [ 1.225522e+00, -1.465030e+00,  8.946083e-01,  2.591154e-01,
          3.965528e-02,  1.449617e-02, -3.059989e-02,  8.008810e-01,
         -1.560265e+00, -1.815749e-02],
        [ 2.120586e-01, -4.825400e-01, -1.013556e+00, -2.071050e-02,
         -6.692281e-02, -5.741147e-01, -1.590124e-01,  8.010060e-01,
         -8.479208e-01,  1.737431e+00],
        [-1.131023e+00, -7.536204e-02, -5.193720e-01,  1.600827e+00,
          3.619202e-01, -3.067862e-01,  1.150899e+00,  9.999087e-02,
         -9.377542e-01, -8.179957e-01],
        [-1.506608e+00,  3.600270e-01,  9.985798e-01, -1.727375e+00,
         -5.165347e-01,  5.412632e-01, -8.016117e-01, -1.381076e-01,
         -9.031017e-01,  5.192214e-01],
        [ 1.325770e-02, -1.421332e+00,  4.890683e-01, -8.346902e-01,
         -2.523805e+00,  3.073753e-01,  1.956055e+00, -1.282314e+00,
         -1.514636e+00,  6.843164e-01],
        [ 1.519792e+00,  1.230580e+00,  5.690592e-01, -6.048902e-01,
         -1.108161e-01,  1.238215e+00, -3.835351e-01, -1.057009e-01,
          8.729330e-01, -6.395252e-01],
        [-4.447375e-01, -1.015217e+00, -2.001909e+00,  4.533587e-01,
          1.325920e+00, -3.061793e-01,  2.394943e+00, -7.848179e-01,
          2.281999e+00, -1.040815e+00]], device='cuda:0')), ('linears_prediction_reg.0.weight', tensor([[-0.319689, -0.267394, -0.517075,  0.493652,  0.233183,  0.358556,
          0.223163, -0.171129, -0.316471,  0.050334]], device='cuda:0')), ('linears_prediction_reg.0.bias', tensor([0.712220], device='cuda:0')), ('linears_prediction_class.0.weight', tensor([[ 0.034962,  0.240813, -0.213032, -0.077344, -0.165109, -0.003030,
          0.087578,  0.017568, -0.095720, -0.366437],
        [-0.014415,  0.197446, -0.199647,  0.162291, -0.217569, -0.090852,
          0.215401,  0.042797, -0.071661, -0.261660]], device='cuda:0')), ('linears_prediction_class.0.bias', tensor([ 0.804987, -0.563816], device='cuda:0'))])